1 proc0 6 40 -17
1 proc1 5 50 17
2 proc2 4 53 0
3 proc3 3 15 -18
4 proc4 4 12 -3
5 proc5 5 39 -14
6 proc6 8 26 -8
6 proc7 7 13 13
6 proc8 3 26 -2
7 proc9 7 43 -3
8 proc10 4 58 16
8 proc11 4 42 12
9 proc12 2 31 -14
9 proc13 5 52 -16
10 proc14 8 28 -3
11 proc15 2 17 15
11 proc16 5 43 -6
12 proc17 8 34 -3
13 proc18 6 51 11
13 proc19 9 32 -20
13 proc20 8 50 7
13 proc21 8 41 -4
14 proc22 8 62 10
15 proc23 4 28 6
15 proc24 9 62 -18
15 proc25 9 29 8
16 proc26 9 27 14
17 proc27 6 55 2
17 proc28 5 37 -14
18 proc29 9 67 10
18 proc30 7 61 -13
19 proc31 1 68 1
20 proc32 5 33 5
21 proc33 1 45 2
21 proc34 5 75 13
22 proc35 1 33 2
23 proc36 9 45 -8
24 proc37 6 61 -11
24 proc38 1 68 17
25 proc39 2 45 -15
26 proc40 7 75 -5
27 proc41 6 72 18
27 proc42 4 37 2
27 proc43 3 48 18
28 proc44 9 84 2
29 proc45 3 75 18
29 proc46 5 80 -5
29 proc47 2 56 -15
29 proc48 5 78 18
29 proc49 3 70 -10
30 proc50 6 49 -4
30 proc51 1 51 11
30 proc52 9 57 -3
30 proc53 7 73 -8
30 proc54 1 50 10
30 proc55 3 35 13
31 proc56 6 70 9
32 proc57 3 66 11
33 proc58 2 45 8
34 proc59 9 84 -8
34 proc60 3 42 3
35 proc61 1 85 -17
35 proc62 3 51 -2
35 proc63 3 57 -15
36 proc64 5 77 -16
36 proc65 9 52 -11
37 proc66 9 77 -1
38 proc67 8 87 2
39 proc68 1 87 -16
39 proc69 4 82 10
40 proc70 8 86 -10
40 proc71 6 64 -10
40 proc72 6 76 8
41 proc73 5 89 -15
41 proc74 9 86 18
41 proc75 9 52 10
41 proc76 5 92 6
42 proc77 6 80 9
43 proc78 5 48 -4
43 proc79 4 94 -8
44 proc80 8 100 13
45 proc81 8 94 1
45 proc82 3 80 13
45 proc83 2 54 6
46 proc84 5 60 11
47 proc85 6 54 8
47 proc86 1 96 -17
48 proc87 3 56 -16
49 proc88 2 52 7
49 proc89 9 83 -16
50 proc90 5 94 -17
51 proc91 5 83 2
51 proc92 8 75 11
51 proc93 5 86 -9
51 proc94 7 59 16
52 proc95 2 55 -8
53 proc96 1 58 -5
53 proc97 9 91 -16
53 proc98 8 75 -11
54 proc99 2 69 1
54 proc100 8 77 13
55 proc101 5 70 -8
56 proc102 1 87 -20
57 proc103 6 72 0
58 proc104 9 116 -5
58 proc105 2 72 18
59 proc106 2 74 10
60 proc107 9 107 -11
60 proc108 5 76 -20
60 proc109 2 103 -7
60 proc110 8 100 4
61 proc111 3 113 2
62 proc112 1 92 -3
62 proc113 1 99 -8
63 proc114 7 71 9
63 proc115 3 110 3
64 proc116 2 111 -16
64 proc117 8 101 -6
64 proc118 6 105 11
64 proc119 4 76 -16
64 proc120 6 89 -20
65 proc121 8 117 -12
65 proc122 9 75 -18
66 proc123 7 91 -7
66 proc124 4 107 -6
66 proc125 2 76 -9
67 proc126 2 101 13
68 proc127 6 79 -5
69 proc128 2 98 16
70 proc129 7 104 16
71 proc130 4 99 11
71 proc131 7 124 12
72 proc132 8 94 1
72 proc133 4 110 -4
73 proc134 6 103 -4
73 proc135 5 89 2
73 proc136 1 90 8
74 proc137 8 113 -12
75 proc138 9 129 -8
76 proc139 7 109 5
77 proc140 6 112 -9
78 proc141 9 105 -14
79 proc142 1 117 -20
80 proc143 4 127 -17
80 proc144 1 104 -16
80 proc145 8 123 -20
80 proc146 9 112 -4
80 proc147 4 111 -15
81 proc148 6 124 4
81 proc149 4 88 -14
82 proc150 9 96 -15
82 proc151 2 92 10
83 proc152 4 120 -6
83 proc153 1 119 16
84 proc154 2 106 5
84 proc155 3 121 12
84 proc156 2 108 2
85 proc157 7 137 2
85 proc158 1 92 -18
86 proc159 2 128 6
86 proc160 6 112 -1
86 proc161 4 134 -13
87 proc162 6 121 -13
87 proc163 1 127 -13
87 proc164 8 108 14
88 proc165 3 136 -2
89 proc166 2 109 15
90 proc167 8 122 -3
90 proc168 5 100 -3
91 proc169 5 123 0
91 proc170 1 99 -17
92 proc171 9 114 -14
92 proc172 4 118 -12
93 proc173 9 108 -18
93 proc174 7 114 11
94 proc175 1 100 -4
95 proc176 4 146 11
95 proc177 6 118 -14
96 proc178 3 112 0
97 proc179 4 109 5
98 proc180 8 136 1
99 proc181 3 144 16
100 proc182 6 117 5
100 proc183 9 126 0
100 proc184 9 133 16
100 proc185 7 127 -20
100 proc186 5 134 2
100 proc187 8 130 -3
100 proc188 3 114 12
100 proc189 6 151 -13
101 proc190 2 108 15
101 proc191 2 144 3
101 proc192 9 156 9
101 proc193 9 119 18
102 proc194 5 126 -7
103 proc195 3 142 -15
104 proc196 1 132 1
104 proc197 1 150 -3
105 proc198 7 135 4
106 proc199 6 125 13
107 proc200 5 114 -14
108 proc201 1 131 -17
109 proc202 8 117 -14
110 proc203 9 160 -15
110 proc204 4 136 14
110 proc205 1 119 -6
111 proc206 8 154 3
112 proc207 9 137 11
113 proc208 7 143 -17
114 proc209 4 139 -6
115 proc210 1 144 3
116 proc211 4 128 17
116 proc212 9 165 -1
117 proc213 9 136 -10
118 proc214 9 145 17
118 proc215 9 141 -10
118 proc216 2 164 -17
119 proc217 8 160 17
119 proc218 1 124 -15
119 proc219 3 171 -9
120 proc220 3 128 0
121 proc221 4 143 3
122 proc222 9 137 -8
122 proc223 3 137 -7
123 proc224 5 155 -5
124 proc225 6 156 -1
125 proc226 7 149 -20
126 proc227 5 157 13
127 proc228 9 175 13
128 proc229 8 158 7
128 proc230 3 148 10
128 proc231 1 139 -5
128 proc232 1 141 -8
129 proc233 2 168 15
130 proc234 8 164 5
130 proc235 8 146 -7
130 proc236 1 158 -12
131 proc237 7 186 14
132 proc238 9 173 -9
132 proc239 2 177 -18
132 proc240 1 147 18
133 proc241 3 140 12
133 proc242 6 171 -9
133 proc243 1 144 -11
133 proc244 3 147 5
134 proc245 7 144 10
135 proc246 7 188 0
136 proc247 7 169 3
136 proc248 3 140 4
136 proc249 4 146 11
137 proc250 2 175 17
137 proc251 2 139 10
137 proc252 1 160 7
138 proc253 7 186 -4
138 proc254 4 176 -2
139 proc255 3 159 1
139 proc256 4 160 -5
140 proc257 9 153 -6
141 proc258 1 183 9
141 proc259 8 176 -6
142 proc260 6 193 -20
142 proc261 5 182 -4
143 proc262 6 193 -7
144 proc263 1 177 14
145 proc264 5 184 1
146 proc265 2 174 17
146 proc266 9 202 -4
147 proc267 3 192 4
147 proc268 2 152 -3
148 proc269 3 200 1
149 proc270 5 161 -16
149 proc271 7 186 6
149 proc272 9 161 -9
150 proc273 9 171 -14
151 proc274 4 165 5
152 proc275 4 189 -16
153 proc276 3 172 6
154 proc277 7 180 -9
155 proc278 4 192 5
156 proc279 8 177 0
156 proc280 6 191 -4
156 proc281 8 198 2
156 proc282 1 167 5
157 proc283 6 163 13
157 proc284 5 171 11
158 proc285 2 209 4
158 proc286 8 184 1
158 proc287 4 205 13
159 proc288 1 191 11
159 proc289 3 165 -5
159 proc290 3 173 -5
159 proc291 6 172 -5
160 proc292 2 167 13
161 proc293 6 181 13
161 proc294 8 210 15
162 proc295 3 195 -1
162 proc296 4 195 -18
163 proc297 8 172 -14
164 proc298 2 179 -3
165 proc299 3 171 -15
166 proc300 9 203 -11
166 proc301 9 224 -20
167 proc302 7 223 18
167 proc303 2 195 -5
168 proc304 9 199 -14
168 proc305 8 199 -1
168 proc306 9 223 1
169 proc307 8 206 5
170 proc308 1 209 9
170 proc309 6 203 -2
170 proc310 8 214 -12
170 proc311 3 177 -11
170 proc312 7 204 4
171 proc313 1 219 -13
172 proc314 7 190 1
172 proc315 3 224 18
172 proc316 9 205 15
172 proc317 6 220 -4
172 proc318 9 204 18
172 proc319 5 214 17
173 proc320 7 202 -7
173 proc321 8 184 -19
173 proc322 5 183 5
174 proc323 5 190 9
174 proc324 7 201 -18
174 proc325 4 215 -15
174 proc326 6 186 13
174 proc327 6 228 -8
175 proc328 5 188 11
176 proc329 2 216 -13
176 proc330 9 200 -17
177 proc331 8 188 -3
178 proc332 9 211 -2
178 proc333 8 208 -14
178 proc334 4 204 -2
178 proc335 3 202 7
178 proc336 5 204 16
179 proc337 6 229 -19
179 proc338 6 200 3
180 proc339 6 192 -8
180 proc340 2 187 -9
180 proc341 3 207 -6
180 proc342 8 230 5
180 proc343 5 214 -4
181 proc344 9 195 -5
181 proc345 8 207 -18
181 proc346 3 211 15
181 proc347 5 235 -10
182 proc348 3 220 -3
182 proc349 2 213 18
183 proc350 2 221 -5
184 proc351 5 238 -20
184 proc352 8 223 14
185 proc353 5 192 -16
186 proc354 3 203 15
186 proc355 6 230 -3
186 proc356 3 224 -12
187 proc357 3 196 14
187 proc358 7 222 3
188 proc359 8 217 -2
188 proc360 8 211 -10
189 proc361 8 204 16
189 proc362 4 225 5
190 proc363 7 232 14
191 proc364 2 218 -12
192 proc365 9 230 10
193 proc366 8 215 1
193 proc367 4 219 8
193 proc368 6 213 0
193 proc369 6 239 2
193 proc370 8 213 -3
193 proc371 2 199 12
193 proc372 4 221 8
193 proc373 6 245 -9
193 proc374 3 226 -8
193 proc375 9 227 -11
193 proc376 1 230 -5
193 proc377 8 204 -16
193 proc378 1 194 15
194 proc379 8 239 12
194 proc380 7 208 -6
194 proc381 5 239 -12
194 proc382 1 230 -13
194 proc383 7 204 14
195 proc384 7 221 -16
196 proc385 7 228 -9
197 proc386 7 223 -4
197 proc387 9 211 6
197 proc388 9 220 0
197 proc389 7 229 16
197 proc390 7 253 -13
197 proc391 9 231 -16
198 proc392 7 245 -12
198 proc393 2 235 -11
199 proc394 8 228 3
200 proc395 6 247 15
200 proc396 4 233 17
200 proc397 3 247 -17
200 proc398 5 250 -7
200 proc399 6 223 -19
201 proc400 9 214 -2
202 proc401 4 206 -14
202 proc402 4 249 16
203 proc403 2 207 3
204 proc404 3 207 14
204 proc405 3 253 -19
204 proc406 2 255 18
204 proc407 8 245 -20
204 proc408 3 231 3
205 proc409 6 234 -12
206 proc410 9 255 -3
206 proc411 7 252 -17
207 proc412 7 215 10
207 proc413 4 235 8
207 proc414 2 233 11
208 proc415 4 253 18
209 proc416 1 230 9
210 proc417 1 218 -6
211 proc418 9 256 14
212 proc419 3 228 7
213 proc420 6 255 -8
214 proc421 8 264 -16
215 proc422 5 228 -20
216 proc423 4 264 4
216 proc424 5 226 1
216 proc425 9 270 2
216 proc426 5 264 -12
217 proc427 8 253 -16
217 proc428 8 261 2
218 proc429 2 259 -12
218 proc430 5 265 -15
219 proc431 9 229 -14
220 proc432 7 254 11
221 proc433 3 268 17
221 proc434 3 268 -2
221 proc435 1 269 -2
221 proc436 8 235 8
222 proc437 5 265 7
222 proc438 5 267 1
223 proc439 3 241 6
223 proc440 6 273 11
223 proc441 8 243 13
223 proc442 9 279 -2
224 proc443 6 272 -8
225 proc444 5 277 -11
226 proc445 7 246 -10
226 proc446 7 268 -1
226 proc447 8 251 4
226 proc448 9 262 -12
226 proc449 5 276 -15
226 proc450 2 230 16
226 proc451 3 238 -18
227 proc452 1 251 8
228 proc453 2 261 8
229 proc454 5 238 2
230 proc455 8 286 8
230 proc456 9 273 11
231 proc457 9 257 -13
232 proc458 2 238 18
232 proc459 9 281 -17
233 proc460 9 245 13
234 proc461 6 270 -12
234 proc462 3 278 3
235 proc463 8 284 11
236 proc464 7 280 -14
237 proc465 2 248 -5
237 proc466 4 290 -1
238 proc467 9 253 5
238 proc468 8 265 6
239 proc469 4 246 -14
240 proc470 6 267 16
240 proc471 2 291 -14
240 proc472 4 289 5
241 proc473 9 284 13
241 proc474 1 257 11
242 proc475 9 256 18
243 proc476 2 280 4
244 proc477 7 278 -7
245 proc478 4 265 -1
246 proc479 7 288 2
247 proc480 7 262 -19
248 proc481 2 271 -8
248 proc482 6 268 -4
249 proc483 3 286 4
250 proc484 9 282 18
250 proc485 8 298 -14
251 proc486 1 279 -19
252 proc487 2 281 13
252 proc488 5 284 -12
252 proc489 8 309 -16
253 proc490 4 276 4
254 proc491 4 303 3
255 proc492 1 266 -1
256 proc493 4 300 -6
256 proc494 5 309 -3
257 proc495 5 272 -12
257 proc496 9 284 -13
258 proc497 8 278 -8
259 proc498 6 290 -20
260 proc499 5 276 8
