0 proc0 138 335 7
1 proc1 81 83 5
1 proc2 7 166 -7
1 proc3 125 310 14
1 proc4 196 328 -6
2 proc5 171 318 -17
2 proc6 39 179 -18
3 proc7 42 57 18
4 proc8 167 300 -17
4 proc9 92 223 -18
4 proc10 96 143 2
5 proc11 38 201 -10
5 proc12 53 59 -4
6 proc13 160 272 5
7 proc14 12 9 3
8 proc15 175 194 12
8 proc16 117 241 -16
9 proc17 19 45 17
10 proc18 87 246 -18
11 proc19 89 200 -5
12 proc20 133 294 -18
12 proc21 43 100 -4
12 proc22 74 106 14
13 proc23 71 165 -7
13 proc24 191 216 -1
13 proc25 74 224 -4
14 proc26 85 189 -6
14 proc27 40 127 1
14 proc28 26 153 -4
14 proc29 11 70 10
15 proc30 117 243 -16
16 proc31 48 165 -1
17 proc32 124 290 8
17 proc33 147 209 8
17 proc34 198 234 -17
17 proc35 106 269 10
18 proc36 121 191 -18
18 proc37 162 225 -20
19 proc38 22 162 -11
19 proc39 45 184 3
20 proc40 141 135 -20
20 proc41 46 112 9
20 proc42 91 206 5
21 proc43 115 293 16
21 proc44 39 103 9
22 proc45 166 234 8
22 proc46 2 89 -6
23 proc47 19 123 5
24 proc48 94 261 10
24 proc49 29 135 -4
24 proc50 65 211 -5
24 proc51 121 97 -7
25 proc52 85 197 0
25 proc53 180 206 13
25 proc54 113 195 4
25 proc55 186 262 -17
25 proc56 44 218 17
26 proc57 129 211 -8
26 proc58 31 67 -15
26 proc59 14 82 5
26 proc60 184 338 -5
26 proc61 31 5 14
26 proc62 59 168 -9
26 proc63 188 284 3
26 proc64 121 98 -17
26 proc65 63 87 4
26 proc66 64 64 15
27 proc67 73 110 -16
28 proc68 44 107 -5
28 proc69 91 190 0
29 proc70 62 82 15
29 proc71 172 274 3
30 proc72 86 147 18
30 proc73 93 163 6
31 proc74 79 195 -3
31 proc75 12 156 -20
31 proc76 66 73 9
31 proc77 165 191 -20
32 proc78 58 92 -18
32 proc79 149 132 3
32 proc80 58 206 -1
33 proc81 80 237 11
34 proc82 90 209 8
34 proc83 128 270 -2
35 proc84 14 78 -17
36 proc85 156 142 -8
36 proc86 88 95 -1
37 proc87 10 150 -9
37 proc88 109 91 -10
38 proc89 10 4 -11
38 proc90 185 263 -8
39 proc91 45 174 -3
40 proc92 67 96 -19
41 proc93 91 103 -8
42 proc94 97 194 -15
43 proc95 68 123 -17
44 proc96 118 221 10
44 proc97 179 258 3
44 proc98 192 234 -17
45 proc99 54 51 -1
45 proc100 64 58 6
46 proc101 93 86 7
46 proc102 130 244 10
46 proc103 58 189 15
46 proc104 125 229 4
46 proc105 73 167 -9
47 proc106 26 86 16
48 proc107 101 156 6
49 proc108 94 49 4
50 proc109 196 306 -8
50 proc110 120 201 0
50 proc111 60 166 13
51 proc112 106 122 7
51 proc113 160 180 -6
51 proc114 178 235 10
52 proc115 163 189 9
53 proc116 35 52 -14
54 proc117 30 54 18
54 proc118 161 293 15
54 proc119 95 132 -14
55 proc120 111 113 8
56 proc121 80 163 -13
56 proc122 47 172 -10
56 proc123 11 -6 9
56 proc124 109 69 5
57 proc125 47 129 2
57 proc126 77 93 11
57 proc127 165 154 18
57 proc128 103 209 13
57 proc129 54 105 7
58 proc130 41 19 -16
59 proc131 27 3 -11
59 proc132 3 25 5
59 proc133 20 -19 8
60 proc134 46 131 4
61 proc135 191 230 -9
62 proc136 15 43 -19
62 proc137 150 217 -7
62 proc138 118 147 -1
63 proc139 78 111 -9
64 proc140 129 78 3
65 proc141 186 320 8
65 proc142 96 204 -5
65 proc143 25 98 13
65 proc144 180 185 -7
65 proc145 199 272 8
66 proc146 29 82 18
67 proc147 168 102 4
68 proc148 14 26 -7
68 proc149 79 161 11
68 proc150 75 138 14
68 proc151 69 56 -10
69 proc152 125 59 -6
69 proc153 93 30 0
69 proc154 126 170 18
69 proc155 66 174 2
69 proc156 10 35 -13
70 proc157 196 143 8
71 proc158 101 215 6
71 proc159 40 -15 14
72 proc160 171 107 13
72 proc161 14 -14 -6
72 proc162 157 108 -18
73 proc163 152 113 -4
73 proc164 128 95 -4
74 proc165 10 109 -8
75 proc166 111 60 -10
76 proc167 192 225 -14
77 proc168 117 207 -4
77 proc169 11 -45 -1
77 proc170 44 34 18
77 proc171 101 126 1
78 proc172 143 180 -3
79 proc173 88 168 12
80 proc174 135 56 -17
81 proc175 63 106 1
81 proc176 43 87 -2
81 proc177 98 210 12
81 proc178 60 152 -8
82 proc179 75 -6 -5
82 proc180 68 91 17
83 proc181 16 24 9
84 proc182 45 124 -4
84 proc183 87 179 14
84 proc184 53 74 -13
85 proc185 98 27 -13
85 proc186 187 189 0
86 proc187 89 24 5
87 proc188 78 52 5
87 proc189 104 144 -18
88 proc190 90 133 12
88 proc191 59 21 4
88 proc192 155 168 17
89 proc193 67 142 -13
90 proc194 52 156 6
91 proc195 15 83 -13
91 proc196 172 150 -19
92 proc197 148 250 4
92 proc198 77 125 1
93 proc199 190 230 -7
94 proc200 34 61 2
95 proc201 85 63 -18
96 proc202 67 101 12
96 proc203 42 131 -4
96 proc204 6 35 -18
96 proc205 119 197 5
96 proc206 114 131 14
96 proc207 46 -11 10
96 proc208 112 175 0
97 proc209 32 -23 -5
98 proc210 124 95 -20
98 proc211 6 74 -5
98 proc212 43 121 12
98 proc213 150 163 -18
98 proc214 24 122 11
98 proc215 187 114 16
99 proc216 136 224 -9
99 proc217 181 169 6
99 proc218 109 67 -19
100 proc219 175 232 13
100 proc220 134 80 0
100 proc221 157 99 -1
101 proc222 38 62 -16
102 proc223 151 210 8
103 proc224 149 75 0
103 proc225 116 144 -13
104 proc226 188 201 -12
105 proc227 26 94 15
105 proc228 19 27 -3
106 proc229 156 52 -12
106 proc230 127 191 -10
106 proc231 131 129 9
106 proc232 133 57 -4
106 proc233 113 14 -1
106 proc234 124 194 -1
107 proc235 149 193 15
108 proc236 64 -32 -15
108 proc237 166 122 12
108 proc238 34 121 8
108 proc239 99 137 5
109 proc240 128 36 18
109 proc241 25 34 -5
110 proc242 95 50 -14
110 proc243 16 -26 -14
111 proc244 32 -8 -4
112 proc245 88 100 10
112 proc246 119 128 -5
113 proc247 20 50 16
113 proc248 112 142 -13
114 proc249 13 89 9
114 proc250 8 -15 6
114 proc251 159 171 -7
114 proc252 198 147 -15
114 proc253 187 261 6
115 proc254 61 51 -13
116 proc255 0 -82 -5
116 proc256 129 41 10
116 proc257 171 96 12
117 proc258 84 27 -5
117 proc259 186 130 13
117 proc260 124 90 -17
118 proc261 23 -8 3
118 proc262 144 26 -11
118 proc263 34 -32 0
119 proc264 32 -77 14
120 proc265 3 -8 1
120 proc266 169 235 -11
121 proc267 199 102 1
122 proc268 59 107 9
122 proc269 9 -52 10
123 proc270 61 126 0
123 proc271 192 79 11
124 proc272 172 69 9
124 proc273 82 121 18
125 proc274 149 124 -6
125 proc275 124 106 -2
126 proc276 77 64 13
127 proc277 174 182 15
127 proc278 76 -9 -12
127 proc279 4 76 12
127 proc280 21 -80 8
128 proc281 189 181 -1
128 proc282 20 62 -15
128 proc283 77 66 12
128 proc284 182 150 5
129 proc285 184 241 13
129 proc286 180 136 17
129 proc287 84 33 -18
130 proc288 104 -9 18
131 proc289 137 26 4
131 proc290 190 136 4
132 proc291 146 148 10
132 proc292 30 17 -10
132 proc293 105 59 18
133 proc294 171 145 11
133 proc295 137 137 -9
134 proc296 150 194 3
134 proc297 198 189 -14
134 proc298 154 72 1
134 proc299 138 137 -3
135 proc300 52 -65 18
136 proc301 104 130 0
136 proc302 21 4 7
136 proc303 4 -31 1
137 proc304 80 84 13
137 proc305 66 26 -1
137 proc306 101 94 14
137 proc307 63 -22 -20
138 proc308 70 28 -17
139 proc309 10 -103 -18
140 proc310 97 100 2
140 proc311 196 100 -1
140 proc312 137 57 8
141 proc313 109 -2 -14
141 proc314 160 66 3
141 proc315 100 122 16
141 proc316 12 -5 8
141 proc317 102 117 9
141 proc318 99 9 16
141 proc319 48 26 18
142 proc320 131 124 2
142 proc321 165 139 -17
142 proc322 164 27 11
142 proc323 168 75 12
142 proc324 125 171 -19
142 proc325 96 67 -11
142 proc326 116 64 -19
142 proc327 9 -61 11
142 proc328 8 -43 -20
143 proc329 159 150 -17
144 proc330 139 52 -20
144 proc331 59 -7 -10
144 proc332 18 69 10
144 proc333 60 -84 -11
145 proc334 90 3 -10
146 proc335 131 180 16
147 proc336 38 -34 5
147 proc337 10 -69 1
148 proc338 77 -58 15
148 proc339 43 -103 -17
149 proc340 197 189 -13
149 proc341 94 135 -9
149 proc342 48 -69 6
150 proc343 28 -39 -20
150 proc344 159 48 -3
151 proc345 59 46 -5
151 proc346 151 184 15
151 proc347 186 85 7
152 proc348 191 221 0
153 proc349 172 103 -6
154 proc350 117 77 -19
155 proc351 197 121 -2
155 proc352 70 -57 -2
156 proc353 166 14 -1
157 proc354 188 73 5
157 proc355 92 5 -6
157 proc356 52 54 11
158 proc357 195 236 -19
158 proc358 113 -39 -12
159 proc359 37 51 -3
160 proc360 153 98 -9
161 proc361 109 -46 -12
162 proc362 0 -159 6
163 proc363 25 2 11
164 proc364 99 41 12
165 proc365 58 1 3
166 proc366 115 70 11
166 proc367 46 -58 -1
167 proc368 167 0 2
167 proc369 6 -103 12
168 proc370 13 1 -12
168 proc371 96 13 0
168 proc372 143 153 -9
169 proc373 86 -81 5
170 proc374 75 -32 -6
171 proc375 125 72 -11
171 proc376 118 137 -3
172 proc377 0 -23 -4
173 proc378 105 20 -8
173 proc379 173 175 -12
173 proc380 153 173 -7
174 proc381 147 120 -19
175 proc382 10 -66 9
175 proc383 169 163 -2
176 proc384 159 -12 -12
176 proc385 106 82 -13
176 proc386 40 -55 -15
177 proc387 56 -53 1
178 proc388 13 -61 8
178 proc389 51 66 2
179 proc390 92 -55 2
180 proc391 1 7 12
180 proc392 143 132 7
181 proc393 74 -5 8
181 proc394 135 85 17
182 proc395 151 35 0
182 proc396 170 140 -17
183 proc397 146 -25 16
183 proc398 196 101 1
184 proc399 74 -53 -12
185 proc400 178 79 -8
185 proc401 140 139 -3
186 proc402 67 -16 -14
187 proc403 121 104 7
188 proc404 123 -5 15
189 proc405 25 -114 0
190 proc406 138 -37 -12
190 proc407 24 -133 4
191 proc408 71 32 15
191 proc409 136 127 11
192 proc410 85 -1 9
192 proc411 28 -54 2
193 proc412 170 90 17
194 proc413 164 106 -20
194 proc414 103 1 -19
194 proc415 125 83 12
194 proc416 104 56 -17
194 proc417 129 87 18
194 proc418 10 -14 -3
194 proc419 80 60 13
195 proc420 40 -89 -20
195 proc421 2 -170 -13
195 proc422 115 -51 2
195 proc423 134 -40 11
195 proc424 119 -23 1
195 proc425 157 141 9
196 proc426 101 45 10
196 proc427 66 -30 -7
196 proc428 166 161 16
197 proc429 15 -157 -8
197 proc430 6 -178 -14
197 proc431 186 5 -14
198 proc432 21 -63 -19
199 proc433 93 15 13
199 proc434 13 -130 -7
200 proc435 156 77 -20
201 proc436 113 -88 -15
201 proc437 25 -57 18
201 proc438 84 -80 -17
201 proc439 5 -141 -5
202 proc440 169 48 -15
202 proc441 154 8 -18
203 proc442 113 103 9
204 proc443 115 48 -10
204 proc444 89 73 -11
205 proc445 59 28 -7
206 proc446 164 133 3
207 proc447 183 117 17
207 proc448 174 25 -12
208 proc449 67 43 -1
208 proc450 177 120 -9
208 proc451 40 -118 -20
208 proc452 38 18 -19
208 proc453 163 3 1
209 proc454 23 -27 13
209 proc455 52 -8 0
209 proc456 159 84 -6
209 proc457 118 -79 -15
210 proc458 115 -31 12
210 proc459 114 -28 -5
210 proc460 57 -70 16
210 proc461 131 21 0
210 proc462 59 -100 -2
211 proc463 152 69 18
211 proc464 14 -144 1
211 proc465 65 7 3
211 proc466 169 -19 -7
212 proc467 44 6 -16
213 proc468 57 -62 9
213 proc469 194 9 -1
214 proc470 31 -119 -14
214 proc471 144 -9 6
214 proc472 114 94 3
215 proc473 147 105 18
215 proc474 197 134 9
216 proc475 127 -46 17
216 proc476 89 -56 -15
217 proc477 51 -90 -5
217 proc478 92 -65 2
217 proc479 73 -22 13
217 proc480 69 -112 11
217 proc481 9 -73 8
217 proc482 88 59 2
218 proc483 31 10 -17
218 proc484 20 -66 -13
219 proc485 8 -112 -12
219 proc486 111 72 10
220 proc487 55 -83 3
220 proc488 70 -2 14
220 proc489 84 41 17
220 proc490 118 40 -13
221 proc491 139 64 -14
221 proc492 31 -61 -19
222 proc493 181 0 4
222 proc494 22 -68 8
223 proc495 15 -54 -15
224 proc496 103 -76 5
225 proc497 175 58 -12
226 proc498 2 -166 -15
227 proc499 4 -207 5
228 proc500 98 -93 -12
229 proc501 30 -128 10
229 proc502 3 -225 -14
229 proc503 107 64 -1
229 proc504 32 -120 -13
230 proc505 137 71 16
231 proc506 22 -163 8
232 proc507 63 -83 -8
233 proc508 123 35 9
233 proc509 16 -150 -16
233 proc510 20 -21 6
233 proc511 178 -1 -14
233 proc512 132 -61 12
234 proc513 156 47 8
235 proc514 172 131 -14
236 proc515 80 -128 -6
236 proc516 174 134 -19
236 proc517 63 -153 -12
236 proc518 164 89 2
237 proc519 15 -216 -18
238 proc520 198 43 15
239 proc521 8 -149 13
239 proc522 28 -111 -16
239 proc523 128 -92 14
239 proc524 167 6 -4
240 proc525 51 -126 4
241 proc526 176 70 16
241 proc527 141 -28 18
241 proc528 155 30 -3
242 proc529 150 -55 10
242 proc530 137 -90 -20
243 proc531 187 -1 -16
243 proc532 86 -88 -19
244 proc533 84 -52 4
245 proc534 195 117 2
246 proc535 191 97 -7
246 proc536 69 3 -19
247 proc537 17 -169 -11
247 proc538 77 -29 -5
247 proc539 148 96 -8
247 proc540 16 -171 -18
248 proc541 120 -100 -15
248 proc542 147 -78 4
248 proc543 175 113 3
248 proc544 118 -129 -17
249 proc545 15 -164 13
249 proc546 11 -74 -17
250 proc547 160 92 -8
250 proc548 194 -35 -1
251 proc549 1 -203 -6
251 proc550 70 -41 -14
251 proc551 78 5 -10
251 proc552 132 -53 -14
252 proc553 136 8 7
253 proc554 88 -114 -19
253 proc555 33 -111 4
253 proc556 130 -13 -9
253 proc557 110 -113 12
253 proc558 170 -60 -1
253 proc559 1 -223 5
254 proc560 95 -80 1
254 proc561 3 -228 -15
255 proc562 74 -135 -7
255 proc563 155 25 -10
255 proc564 187 19 8
256 proc565 69 -185 -13
257 proc566 25 -168 -11
258 proc567 93 22 -8
259 proc568 18 -144 11
260 proc569 120 -132 17
261 proc570 55 -194 -2
261 proc571 89 27 -10
262 proc572 38 -206 -9
263 proc573 21 -182 -15
263 proc574 125 -49 7
263 proc575 28 -193 15
263 proc576 139 -40 12
264 proc577 45 -80 -9
264 proc578 104 -91 0
265 proc579 20 -134 17
265 proc580 81 -131 4
265 proc581 65 -33 -14
265 proc582 56 -179 11
265 proc583 72 -121 -10
266 proc584 157 -104 6
266 proc585 145 -84 7
267 proc586 59 -140 14
268 proc587 131 -16 17
269 proc588 174 16 2
270 proc589 79 -71 3
271 proc590 151 -25 12
272 proc591 167 53 13
272 proc592 116 -90 -3
273 proc593 103 -134 9
273 proc594 105 -8 7
273 proc595 81 -52 4
274 proc596 51 -202 2
274 proc597 141 0 -2
274 proc598 28 -200 9
275 proc599 156 -112 -8
275 proc600 73 -148 4
275 proc601 43 -229 11
275 proc602 164 78 11
276 proc603 129 -105 16
276 proc604 63 -105 -6
276 proc605 41 -98 2
277 proc606 183 23 -10
278 proc607 124 -114 10
279 proc608 47 -79 3
279 proc609 157 46 -11
280 proc610 109 -141 1
280 proc611 72 -29 -5
281 proc612 87 -104 -14
281 proc613 27 -113 -11
281 proc614 58 -105 -8
281 proc615 110 -2 0
282 proc616 123 -151 6
282 proc617 177 36 10
282 proc618 124 17 8
282 proc619 155 25 8
282 proc620 194 88 1
283 proc621 117 -142 1
284 proc622 94 -2 18
285 proc623 158 65 1
286 proc624 0 -220 -14
287 proc625 159 -62 1
288 proc626 193 102 -15
288 proc627 101 -71 18
289 proc628 92 -27 -6
290 proc629 146 -141 5
291 proc630 191 97 -20
292 proc631 189 9 14
293 proc632 178 28 2
293 proc633 161 -45 4
294 proc634 36 -253 18
295 proc635 73 -120 -11
296 proc636 72 -172 -18
297 proc637 55 -228 17
297 proc638 11 -228 7
297 proc639 170 51 3
298 proc640 74 -211 12
299 proc641 52 -131 -17
299 proc642 74 -75 5
300 proc643 52 -135 -20
301 proc644 117 -41 3
301 proc645 158 -35 16
302 proc646 166 -66 7
302 proc647 1 -285 -14
303 proc648 181 -38 18
304 proc649 153 6 -18
305 proc650 59 -244 9
306 proc651 115 -48 -14
306 proc652 87 -183 -3
307 proc653 144 19 -15
307 proc654 5 -110 17
307 proc655 8 -255 -7
308 proc656 129 -132 18
308 proc657 156 47 -1
309 proc658 1 -217 -6
309 proc659 187 -103 -1
309 proc660 56 -189 -3
309 proc661 47 -121 1
309 proc662 134 -57 -10
309 proc663 162 -104 17
310 proc664 42 -106 -10
311 proc665 114 -155 9
312 proc666 86 -133 9
313 proc667 65 -156 13
314 proc668 109 -179 17
314 proc669 119 -155 -10
315 proc670 158 13 6
316 proc671 165 -63 -2
317 proc672 2 -169 10
317 proc673 140 -4 -10
317 proc674 18 -123 -11
318 proc675 68 -148 17
319 proc676 80 -57 5
319 proc677 22 -252 0
320 proc678 167 -96 -13
320 proc679 97 -149 13
320 proc680 172 -146 -7
321 proc681 127 -138 -15
321 proc682 32 -146 -15
322 proc683 197 -35 -20
322 proc684 72 -182 12
322 proc685 65 -70 -19
323 proc686 45 -93 12
323 proc687 12 -198 3
323 proc688 116 -44 -13
324 proc689 171 -60 -19
324 proc690 188 -61 9
325 proc691 165 31 -7
326 proc692 11 -118 -12
327 proc693 185 -79 -19
327 proc694 0 -292 2
327 proc695 149 -59 16
328 proc696 34 -240 -1
329 proc697 147 -28 2
330 proc698 181 -131 6
330 proc699 162 24 -18
331 proc700 190 -123 -11
332 proc701 81 -235 -12
332 proc702 52 -247 5
333 proc703 152 -130 18
333 proc704 106 -93 -17
334 proc705 88 -141 -7
335 proc706 76 -141 -2
335 proc707 110 -123 2
335 proc708 121 -48 -7
335 proc709 182 -17 -7
335 proc710 122 -26 15
335 proc711 38 -236 7
335 proc712 196 -30 -14
335 proc713 14 -174 13
335 proc714 17 -293 9
336 proc715 80 -212 -3
337 proc716 10 -216 7
337 proc717 0 -193 -12
337 proc718 83 -232 -10
338 proc719 84 -93 16
338 proc720 70 -244 -2
339 proc721 171 -90 2
339 proc722 56 -171 -9
339 proc723 108 -32 3
339 proc724 111 -184 17
340 proc725 140 -151 -16
341 proc726 72 -136 -7
341 proc727 95 -75 6
342 proc728 195 13 -5
342 proc729 191 -13 -4
343 proc730 50 -168 -7
343 proc731 77 -194 -4
343 proc732 68 -129 -5
344 proc733 196 40 18
344 proc734 121 -86 18
344 proc735 60 -112 8
345 proc736 84 -69 18
346 proc737 130 -33 -6
346 proc738 109 -180 1
346 proc739 129 -43 -11
346 proc740 121 -144 -3
347 proc741 69 -127 2
347 proc742 41 -185 -2
348 proc743 93 -58 7
349 proc744 141 -22 11
349 proc745 170 -52 0
350 proc746 185 -62 15
350 proc747 77 -74 -6
350 proc748 32 -135 -10
351 proc749 135 -204 6
351 proc750 133 -112 -8
351 proc751 55 -254 6
352 proc752 181 -106 -8
353 proc753 192 -128 7
354 proc754 136 -211 -19
354 proc755 158 -80 10
354 proc756 100 -166 15
355 proc757 100 -113 -3
355 proc758 49 -258 17
355 proc759 43 -288 17
355 proc760 41 -184 1
355 proc761 164 -74 -11
355 proc762 76 -216 -15
355 proc763 132 -88 -8
355 proc764 23 -209 4
356 proc765 65 -253 1
356 proc766 38 -140 2
357 proc767 154 -123 -7
357 proc768 11 -306 18
358 proc769 109 -152 -17
359 proc770 113 -96 16
360 proc771 85 -176 4
360 proc772 22 -186 -4
360 proc773 142 -173 -2
360 proc774 23 -308 7
361 proc775 110 -124 -3
362 proc776 120 -135 -3
363 proc777 5 -227 14
363 proc778 81 -144 -14
363 proc779 38 -229 -7
363 proc780 0 -201 -13
363 proc781 159 -197 1
363 proc782 36 -135 8
363 proc783 72 -102 11
363 proc784 48 -192 -15
364 proc785 55 -121 0
364 proc786 79 -95 4
365 proc787 38 -190 1
365 proc788 51 -132 -7
365 proc789 189 -17 -9
366 proc790 103 -151 2
367 proc791 53 -267 -17
368 proc792 123 -152 5
368 proc793 33 -153 -17
368 proc794 173 -66 1
369 proc795 67 -191 -6
369 proc796 45 -190 -13
369 proc797 45 -243 1
370 proc798 193 14 -2
370 proc799 191 17 18
370 proc800 41 -170 17
370 proc801 141 -215 -20
370 proc802 144 -58 -16
371 proc803 31 -156 12
371 proc804 70 -235 -1
371 proc805 148 -197 12
372 proc806 17 -310 14
372 proc807 193 -83 -1
372 proc808 55 -199 -14
372 proc809 133 -191 15
373 proc810 168 -56 -5
373 proc811 133 -215 -14
374 proc812 44 -239 -15
374 proc813 117 -217 -3
374 proc814 38 -303 2
375 proc815 129 -125 17
375 proc816 192 -104 -19
376 proc817 79 -293 1
377 proc818 153 -78 -18
377 proc819 123 -178 -2
378 proc820 167 -146 6
378 proc821 57 -220 -11
379 proc822 134 -172 2
379 proc823 147 -183 6
380 proc824 128 -63 18
381 proc825 145 -66 8
381 proc826 116 -211 -16
382 proc827 82 -170 1
383 proc828 147 -166 8
383 proc829 123 -197 17
383 proc830 89 -163 2
383 proc831 132 -121 -18
383 proc832 120 -224 7
384 proc833 161 -46 -19
385 proc834 183 -198 13
386 proc835 86 -121 -7
387 proc836 50 -330 -18
388 proc837 23 -323 -7
388 proc838 125 -150 -2
389 proc839 44 -270 16
389 proc840 66 -283 2
390 proc841 17 -324 -17
391 proc842 6 -261 17
391 proc843 104 -250 -8
391 proc844 44 -231 5
392 proc845 110 -211 10
393 proc846 184 -178 8
393 proc847 106 -174 -7
393 proc848 153 -58 12
393 proc849 31 -355 -20
394 proc850 132 -168 -12
394 proc851 131 -255 -8
395 proc852 76 -290 -1
395 proc853 100 -217 7
396 proc854 110 -269 -5
396 proc855 82 -200 9
397 proc856 48 -305 4
398 proc857 52 -161 -1
398 proc858 31 -264 18
398 proc859 111 -165 18
399 proc860 151 -212 4
399 proc861 115 -234 -16
400 proc862 19 -323 7
401 proc863 124 -87 -5
401 proc864 35 -265 -15
402 proc865 86 -291 14
403 proc866 128 -224 -19
404 proc867 173 -110 4
404 proc868 157 -88 3
404 proc869 161 -122 17
404 proc870 180 -125 -7
404 proc871 89 -242 17
404 proc872 174 -45 6
405 proc873 10 -305 17
405 proc874 93 -198 7
405 proc875 187 -103 5
405 proc876 74 -308 11
406 proc877 145 -187 -6
407 proc878 173 -234 9
408 proc879 25 -269 -15
409 proc880 51 -199 1
410 proc881 1 -210 -6
411 proc882 65 -258 9
411 proc883 3 -352 -17
412 proc884 32 -359 8
413 proc885 48 -286 15
414 proc886 79 -244 10
414 proc887 158 -224 11
415 proc888 143 -148 17
415 proc889 123 -214 -18
415 proc890 167 -143 5
415 proc891 113 -257 -4
416 proc892 66 -238 -8
416 proc893 144 -240 11
417 proc894 76 -161 -5
417 proc895 164 -61 7
418 proc896 116 -132 18
418 proc897 1 -222 16
418 proc898 52 -289 -15
418 proc899 122 -254 0
418 proc900 107 -221 18
419 proc901 74 -146 -5
419 proc902 179 -78 10
419 proc903 154 -133 -4
420 proc904 102 -159 -18
421 proc905 107 -215 -1
422 proc906 176 -76 6
422 proc907 164 -213 -7
423 proc908 135 -138 12
424 proc909 149 -118 17
424 proc910 71 -257 14
424 proc911 28 -312 5
425 proc912 195 -214 -12
425 proc913 115 -292 9
425 proc914 140 -90 -7
425 proc915 40 -348 9
426 proc916 187 -181 18
426 proc917 167 -210 6
427 proc918 97 -281 -4
427 proc919 133 -228 -4
428 proc920 34 -391 -9
429 proc921 173 -155 13
430 proc922 97 -141 13
431 proc923 29 -400 11
432 proc924 60 -266 -16
432 proc925 107 -299 -4
432 proc926 28 -368 6
433 proc927 54 -280 -18
433 proc928 103 -152 -1
433 proc929 79 -267 -6
433 proc930 79 -290 18
433 proc931 66 -180 -18
433 proc932 45 -253 12
433 proc933 113 -291 -8
434 proc934 65 -322 0
435 proc935 146 -192 13
436 proc936 75 -260 15
437 proc937 140 -173 -12
438 proc938 188 -197 9
438 proc939 40 -337 -16
439 proc940 196 -148 -2
440 proc941 124 -266 -9
440 proc942 97 -181 -1
441 proc943 59 -257 -3
442 proc944 178 -85 -5
442 proc945 103 -310 9
443 proc946 35 -336 -12
444 proc947 133 -274 -20
445 proc948 84 -259 -8
446 proc949 104 -340 -19
447 proc950 164 -215 7
448 proc951 193 -157 11
449 proc952 77 -212 -1
449 proc953 142 -273 -9
450 proc954 59 -215 -6
450 proc955 165 -120 -4
450 proc956 20 -357 -15
450 proc957 27 -309 5
451 proc958 182 -90 -13
451 proc959 77 -193 4
451 proc960 141 -113 -3
452 proc961 183 -256 -14
452 proc962 141 -294 -12
452 proc963 134 -249 6
452 proc964 142 -143 -1
453 proc965 33 -359 -17
453 proc966 40 -335 -11
454 proc967 11 -344 -8
455 proc968 96 -298 -8
455 proc969 74 -276 16
456 proc970 122 -169 7
456 proc971 34 -344 -19
456 proc972 197 -161 9
457 proc973 159 -137 6
458 proc974 192 -171 -1
459 proc975 194 -222 -4
460 proc976 104 -203 -9
460 proc977 58 -301 -4
460 proc978 19 -375 11
461 proc979 96 -358 0
461 proc980 105 -173 -3
461 proc981 97 -240 1
462 proc982 19 -256 14
463 proc983 30 -424 6
463 proc984 162 -218 1
463 proc985 137 -317 -3
463 proc986 28 -287 -11
463 proc987 156 -212 -9
464 proc988 31 -290 -3
464 proc989 67 -296 5
464 proc990 89 -306 -18
465 proc991 30 -423 -15
465 proc992 48 -291 -18
466 proc993 88 -206 -20
466 proc994 121 -291 -8
467 proc995 150 -306 -16
468 proc996 154 -186 9
468 proc997 30 -352 -19
469 proc998 155 -298 3
469 proc999 29 -388 0
