0 proc0 9 22 7
1 proc1 8 57 13
1 proc2 8 21 11
1 proc3 1 4 -9
2 proc4 2 16 3
2 proc5 3 46 -16
2 proc6 4 23 -5
3 proc7 3 33 3
3 proc8 9 42 -8
3 proc9 1 47 6
4 proc10 9 57 -12
4 proc11 2 20 13
5 proc12 4 27 9
5 proc13 8 51 -4
5 proc14 2 42 -9
6 proc15 8 44 -2
6 proc16 9 23 -7
6 proc17 5 56 -11
6 proc18 2 36 -20
6 proc19 3 26 12
7 proc20 5 15 -10
8 proc21 1 39 4
9 proc22 2 20 -2
9 proc23 5 26 13
10 proc24 9 38 8
10 proc25 4 40 -12
11 proc26 1 51 0
11 proc27 2 16 8
11 proc28 2 52 -10
12 proc29 6 44 -16
12 proc30 6 55 -19
13 proc31 8 32 12
14 proc32 2 35 0
14 proc33 4 54 -11
15 proc34 8 26 -17
15 proc35 9 55 2
15 proc36 1 35 -7
16 proc37 6 40 14
17 proc38 3 20 -5
17 proc39 2 55 -3
17 proc40 4 56 0
17 proc41 4 68 -9
18 proc42 7 35 -8
19 proc43 6 40 18
20 proc44 3 64 1
21 proc45 6 63 -6
22 proc46 6 56 -4
22 proc47 4 44 15
23 proc48 1 62 6
24 proc49 1 57 11
25 proc50 9 51 -3
25 proc51 7 56 1
25 proc52 8 39 0
26 proc53 4 54 -17
26 proc54 9 68 -18
26 proc55 1 57 8
26 proc56 3 49 12
27 proc57 4 44 -1
28 proc58 9 84 5
28 proc59 3 65 6
28 proc60 9 81 13
28 proc61 2 51 4
29 proc62 1 32 9
30 proc63 6 73 -7
30 proc64 6 83 -16
30 proc65 4 45 -6
31 proc66 7 80 12
32 proc67 3 37 12
33 proc68 6 83 -12
33 proc69 4 63 1
34 proc70 3 70 -1
34 proc71 6 77 1
35 proc72 8 76 -12
36 proc73 5 41 -5
37 proc74 9 51 4
38 proc75 3 54 -20
39 proc76 6 46 2
39 proc77 4 56 8
39 proc78 4 66 18
39 proc79 6 92 -12
40 proc80 8 91 15
40 proc81 5 87 6
40 proc82 6 68 5
41 proc83 6 56 18
41 proc84 3 82 -16
42 proc85 5 66 -18
42 proc86 3 77 10
43 proc87 8 78 -3
44 proc88 8 58 4
44 proc89 7 75 2
45 proc90 9 82 -12
45 proc91 6 72 -19
46 proc92 4 55 -10
47 proc93 7 55 7
48 proc94 1 92 6
48 proc95 6 92 12
48 proc96 4 74 -16
48 proc97 3 77 -7
49 proc98 1 50 11
49 proc99 1 67 0
50 proc100 7 100 17
51 proc101 9 76 -10
52 proc102 9 68 18
53 proc103 8 97 1
53 proc104 9 103 -14
53 proc105 4 92 14
54 proc106 2 96 -15
55 proc107 8 80 -13
56 proc108 4 104 13
56 proc109 7 77 -19
56 proc110 1 59 -7
57 proc111 4 95 -7
57 proc112 5 69 8
57 proc113 9 84 4
58 proc114 2 101 17
59 proc115 6 101 -16
59 proc116 2 103 -4
59 proc117 5 103 -20
60 proc118 4 90 5
61 proc119 8 84 -20
62 proc120 5 114 -14
62 proc121 7 76 3
62 proc122 2 104 18
63 proc123 6 72 -16
64 proc124 7 102 11
65 proc125 3 90 4
66 proc126 9 104 16
67 proc127 2 104 -20
67 proc128 9 112 -20
68 proc129 9 115 -1
69 proc130 1 99 -6
69 proc131 3 120 -7
70 proc132 9 94 12
70 proc133 3 86 -5
70 proc134 3 91 7
71 proc135 7 79 18
72 proc136 3 81 12
72 proc137 6 101 1
72 proc138 2 111 13
73 proc139 6 123 12
74 proc140 5 80 11
75 proc141 3 118 -3
76 proc142 7 123 -4
76 proc143 4 101 2
77 proc144 3 129 9
78 proc145 1 125 18
78 proc146 5 111 -2
78 proc147 5 121 1
78 proc148 3 95 12
78 proc149 9 112 -1
