1 proc0 2 49 -20
1 proc1 8 42 -6
2 proc2 3 38 0
2 proc3 8 34 11
2 proc4 9 24 14
3 proc5 9 55 16
3 proc6 2 26 10
4 proc7 4 9 18
5 proc8 8 56 -9
5 proc9 1 20 3
5 proc10 4 37 -7
6 proc11 3 9 -19
7 proc12 2 52 11
8 proc13 2 33 -17
8 proc14 9 59 -10
9 proc15 8 30 10
10 proc16 6 53 0
11 proc17 2 45 -8
12 proc18 5 26 7
12 proc19 9 68 -17
13 proc20 3 48 12
13 proc21 6 50 11
13 proc22 2 20 15
13 proc23 6 60 -13
13 proc24 9 52 12
14 proc25 1 16 -4
14 proc26 9 56 3
14 proc27 4 47 14
15 proc28 6 38 -1
16 proc29 1 17 -13
17 proc30 5 40 11
18 proc31 8 41 -5
19 proc32 2 47 15
20 proc33 7 30 16
20 proc34 5 44 -17
20 proc35 4 50 16
20 proc36 8 35 2
21 proc37 5 38 -3
21 proc38 2 35 5
22 proc39 5 29 -1
23 proc40 8 32 -15
23 proc41 6 49 -5
24 proc42 1 51 -13
24 proc43 4 45 -13
24 proc44 7 77 -1
24 proc45 8 38 17
25 proc46 1 75 12
25 proc47 2 42 -16
25 proc48 6 42 -17
26 proc49 2 28 -12
27 proc50 2 69 -8
28 proc51 7 63 -18
29 proc52 6 55 18
29 proc53 3 60 2
30 proc54 5 47 2
31 proc55 3 58 4
31 proc56 4 48 10
32 proc57 8 86 9
32 proc58 8 55 -1
33 proc59 3 43 5
34 proc60 8 48 15
34 proc61 2 72 18
35 proc62 4 45 -20
36 proc63 5 59 4
37 proc64 6 48 -6
38 proc65 2 76 16
39 proc66 3 64 -16
39 proc67 7 70 -14
40 proc68 9 77 16
40 proc69 2 72 17
41 proc70 8 86 -20
41 proc71 7 78 0
42 proc72 5 71 10
42 proc73 9 90 15
43 proc74 9 73 17
44 proc75 1 81 9
44 proc76 8 84 -10
44 proc77 5 84 -16
45 proc78 3 48 -14
45 proc79 5 52 -8
46 proc80 8 73 -14
47 proc81 5 90 -2
47 proc82 6 72 -9
48 proc83 6 88 -10
49 proc84 4 89 -11
49 proc85 8 63 11
49 proc86 8 106 -19
50 proc87 2 60 -2
50 proc88 1 63 9
50 proc89 2 78 -4
50 proc90 2 94 -2
51 proc91 2 61 -9
52 proc92 4 86 17
52 proc93 6 71 7
53 proc94 4 58 18
53 proc95 5 94 2
53 proc96 5 81 -19
54 proc97 8 67 -3
55 proc98 9 102 12
56 proc99 9 89 -14
57 proc100 4 67 -5
58 proc101 4 93 1
58 proc102 1 79 8
59 proc103 4 71 8
60 proc104 4 95 -3
61 proc105 7 99 -11
62 proc106 3 97 5
62 proc107 8 112 10
63 proc108 5 96 -18
63 proc109 8 120 3
63 proc110 8 83 18
64 proc111 2 110 -13
65 proc112 6 74 -6
65 proc113 8 93 6
65 proc114 6 84 -13
66 proc115 7 116 5
67 proc116 9 119 -10
67 proc117 2 102 8
68 proc118 9 111 -9
69 proc119 6 107 -4
70 proc120 6 85 13
70 proc121 5 92 7
70 proc122 2 80 -14
71 proc123 5 114 -4
71 proc124 8 103 2
71 proc125 3 121 -20
72 proc126 7 116 5
73 proc127 1 120 14
74 proc128 8 119 -16
75 proc129 2 84 -9
76 proc130 2 113 16
76 proc131 7 113 -14
77 proc132 8 94 -6
77 proc133 5 111 -3
77 proc134 4 128 3
77 proc135 8 108 -1
77 proc136 2 104 16
77 proc137 4 105 -14
77 proc138 1 122 10
78 proc139 2 97 15
79 proc140 9 117 -20
80 proc141 6 105 -13
81 proc142 1 113 5
82 proc143 7 104 -6
83 proc144 4 93 12
83 proc145 1 85 7
84 proc146 2 133 -11
84 proc147 6 110 1
85 proc148 3 90 17
85 proc149 1 94 18
