1 proc0 7 10 -12
1 proc1 9 53 8
1 proc2 6 38 -14
2 proc3 7 26 4
3 proc4 1 28 -12
4 proc5 9 56 11
4 proc6 2 41 5
4 proc7 1 51 -1
4 proc8 7 18 1
4 proc9 6 54 -15
4 proc10 7 46 18
5 proc11 5 12 7
5 proc12 9 16 17
5 proc13 1 19 18
6 proc14 9 40 -10
7 proc15 1 12 11
7 proc16 9 21 -14
8 proc17 6 20 -5
8 proc18 4 20 -19
8 proc19 2 42 2
8 proc20 1 56 4
8 proc21 2 11 -14
8 proc22 5 46 -14
8 proc23 7 53 9
8 proc24 1 23 14
8 proc25 9 55 18
8 proc26 3 21 -14
8 proc27 9 47 6
8 proc28 7 19 5
8 proc29 8 44 -11
8 proc30 7 46 2
9 proc31 4 27 8
9 proc32 1 21 -17
9 proc33 6 42 -1
9 proc34 3 44 -14
10 proc35 6 40 -19
10 proc36 5 33 9
10 proc37 4 63 16
11 proc38 2 19 3
11 proc39 7 28 -5
11 proc40 6 40 -3
11 proc41 6 38 -5
12 proc42 5 64 2
12 proc43 5 46 -13
13 proc44 5 23 -9
14 proc45 3 25 -14
14 proc46 5 38 12
15 proc47 8 28 -20
15 proc48 3 62 -13
15 proc49 6 35 18
15 proc50 3 61 12
16 proc51 2 29 -19
16 proc52 5 51 18
16 proc53 8 56 -9
16 proc54 7 72 -3
17 proc55 7 63 4
17 proc56 7 49 -5
18 proc57 1 60 8
18 proc58 8 50 -9
18 proc59 1 51 5
19 proc60 6 31 0
19 proc61 9 61 -4
19 proc62 9 36 18
19 proc63 5 42 -16
20 proc64 9 77 12
20 proc65 5 45 -11
21 proc66 4 57 -10
22 proc67 8 46 3
23 proc68 9 41 -2
24 proc69 3 74 -2
25 proc70 1 61 -8
26 proc71 1 31 3
26 proc72 8 70 -7
26 proc73 7 58 2
26 proc74 7 38 -4
26 proc75 7 54 -1
26 proc76 5 71 -17
27 proc77 9 59 -1
27 proc78 8 66 10
27 proc79 4 34 16
27 proc80 1 75 2
27 proc81 1 37 16
28 proc82 3 71 7
29 proc83 8 47 -8
29 proc84 8 44 -16
30 proc85 3 64 -5
30 proc86 6 85 -7
30 proc87 6 53 7
30 proc88 3 65 14
30 proc89 2 76 -3
31 proc90 7 67 -10
31 proc91 2 76 -14
32 proc92 5 57 13
32 proc93 6 64 1
33 proc94 8 70 11
34 proc95 7 55 11
34 proc96 4 53 9
34 proc97 2 64 -20
35 proc98 4 40 13
36 proc99 4 83 13
37 proc100 7 71 1
38 proc101 8 55 8
38 proc102 5 49 13
39 proc103 2 74 -20
39 proc104 9 56 15
40 proc105 2 54 -15
41 proc106 5 49 -3
42 proc107 7 86 9
43 proc108 9 100 -4
44 proc109 2 59 -14
44 proc110 9 67 -7
45 proc111 6 91 -19
45 proc112 4 78 -11
45 proc113 2 62 3
46 proc114 3 77 5
46 proc115 6 89 13
47 proc116 3 56 6
48 proc117 5 62 -3
49 proc118 1 84 -3
49 proc119 1 55 -5
50 proc120 8 92 -12
51 proc121 5 103 -4
52 proc122 6 69 16
53 proc123 6 78 14
53 proc124 3 87 -3
54 proc125 9 93 15
55 proc126 7 98 5
55 proc127 1 75 14
56 proc128 5 92 -15
57 proc129 2 104 -20
57 proc130 3 78 7
58 proc131 1 84 -3
59 proc132 3 88 14
60 proc133 7 80 -13
60 proc134 4 75 -7
60 proc135 4 96 12
61 proc136 5 96 16
61 proc137 2 82 8
61 proc138 1 66 7
62 proc139 9 106 2
62 proc140 3 76 15
62 proc141 3 71 16
62 proc142 6 78 -3
62 proc143 8 112 11
62 proc144 4 94 -7
63 proc145 2 77 -5
64 proc146 6 96 -7
64 proc147 3 76 -3
65 proc148 5 98 10
66 proc149 6 117 -14
