1 proc0 8 32 -13
1 proc1 4 34 -14
2 proc2 6 39 0
3 proc3 3 30 8
3 proc4 3 26 12
4 proc5 4 41 -6
5 proc6 3 22 -16
6 proc7 3 46 3
7 proc8 8 41 11
8 proc9 3 11 11
9 proc10 5 20 17
9 proc11 7 41 -19
10 proc12 7 44 9
10 proc13 5 37 13
11 proc14 1 16 4
12 proc15 5 57 -13
12 proc16 2 50 -2
13 proc17 3 51 -11
14 proc18 8 60 -3
14 proc19 8 60 18
14 proc20 9 25 13
14 proc21 9 61 -5
15 proc22 9 45 8
15 proc23 7 43 -3
15 proc24 5 55 16
16 proc25 1 31 1
17 proc26 7 71 8
18 proc27 4 45 -19
19 proc28 8 69 -17
20 proc29 1 61 17
20 proc30 9 72 -9
20 proc31 6 34 -12
21 proc32 2 37 -2
22 proc33 9 67 16
23 proc34 3 42 -19
24 proc35 2 70 -14
24 proc36 4 37 -13
24 proc37 6 74 -19
24 proc38 6 39 -9
25 proc39 4 30 -2
25 proc40 8 79 -20
26 proc41 2 40 12
27 proc42 6 74 0
28 proc43 3 47 14
29 proc44 2 41 -5
29 proc45 7 77 16
30 proc46 6 71 18
30 proc47 1 53 15
31 proc48 1 52 13
31 proc49 3 73 -17
31 proc50 3 50 -12
32 proc51 5 57 9
32 proc52 3 76 -10
33 proc53 3 69 -13
34 proc54 9 72 -10
34 proc55 2 37 3
34 proc56 2 58 14
34 proc57 2 43 -15
35 proc58 9 48 -10
35 proc59 5 50 -1
36 proc60 7 57 8
37 proc61 5 72 8
37 proc62 7 81 12
38 proc63 9 49 -10
39 proc64 2 64 2
40 proc65 9 93 0
41 proc66 7 96 16
41 proc67 7 87 -19
42 proc68 7 84 -14
42 proc69 7 76 -19
42 proc70 7 60 18
42 proc71 9 87 11
43 proc72 7 93 -20
44 proc73 3 59 11
45 proc74 9 70 -8
45 proc75 7 56 -16
45 proc76 8 88 -10
45 proc77 9 97 -3
46 proc78 2 80 4
47 proc79 6 63 -4
48 proc80 2 88 9
49 proc81 5 79 -12
49 proc82 7 62 -15
50 proc83 5 72 3
51 proc84 8 89 6
51 proc85 8 107 13
51 proc86 5 95 12
52 proc87 3 67 0
53 proc88 8 70 2
54 proc89 9 105 -15
55 proc90 8 65 14
56 proc91 1 103 -4
57 proc92 9 98 -3
57 proc93 1 104 -15
58 proc94 9 110 -20
59 proc95 5 64 -7
59 proc96 1 60 5
60 proc97 6 96 -10
60 proc98 4 75 -2
60 proc99 2 94 3
60 proc100 5 93 10
61 proc101 1 99 18
62 proc102 9 99 -12
62 proc103 2 111 11
62 proc104 9 83 -14
62 proc105 7 86 15
63 proc106 5 72 12
63 proc107 1 83 9
64 proc108 7 97 -13
64 proc109 4 79 11
64 proc110 6 110 0
65 proc111 2 104 -3
65 proc112 2 116 7
65 proc113 6 94 -9
66 proc114 5 85 -18
66 proc115 6 93 17
67 proc116 8 91 8
68 proc117 6 123 -17
68 proc118 6 74 3
68 proc119 6 76 17
69 proc120 1 71 9
69 proc121 2 85 17
69 proc122 2 83 17
69 proc123 9 114 4
70 proc124 4 84 -13
70 proc125 3 89 2
70 proc126 4 121 4
70 proc127 2 75 -10
70 proc128 9 109 17
71 proc129 1 72 5
72 proc130 6 88 10
72 proc131 2 114 15
73 proc132 3 119 18
73 proc133 5 126 -6
74 proc134 1 124 -1
75 proc135 4 106 -11
75 proc136 3 112 0
75 proc137 2 115 -13
75 proc138 7 104 -10
76 proc139 5 122 15
76 proc140 7 124 -10
77 proc141 2 122 -8
78 proc142 6 93 13
78 proc143 9 131 -17
78 proc144 8 96 16
78 proc145 7 120 17
79 proc146 9 105 -16
80 proc147 5 85 -8
81 proc148 4 99 -20
82 proc149 8 112 -10
83 proc150 7 102 -15
83 proc151 4 98 5
83 proc152 7 116 -10
83 proc153 4 104 -5
83 proc154 8 110 18
83 proc155 4 118 12
84 proc156 6 132 -13
84 proc157 8 116 -8
85 proc158 8 101 2
86 proc159 6 138 14
87 proc160 4 129 -6
87 proc161 6 134 0
88 proc162 5 93 8
88 proc163 9 130 -8
88 proc164 3 140 -20
89 proc165 2 130 13
89 proc166 7 113 13
89 proc167 1 138 -13
89 proc168 7 134 7
90 proc169 5 125 2
90 proc170 2 114 -12
91 proc171 5 122 7
92 proc172 1 116 -11
93 proc173 5 120 -2
94 proc174 7 129 9
95 proc175 5 106 -6
96 proc176 3 120 6
97 proc177 4 142 -1
97 proc178 5 149 8
98 proc179 3 142 -5
99 proc180 6 142 6
100 proc181 2 122 -1
101 proc182 3 139 8
101 proc183 9 120 15
102 proc184 1 103 1
102 proc185 8 140 -8
103 proc186 4 131 11
104 proc187 7 154 -17
105 proc188 1 117 14
106 proc189 5 124 18
107 proc190 9 124 -7
108 proc191 7 119 1
108 proc192 2 151 0
109 proc193 7 131 9
110 proc194 3 158 -9
111 proc195 7 136 -6
111 proc196 1 119 15
111 proc197 7 124 -15
112 proc198 4 130 3
113 proc199 3 163 -14
114 proc200 7 153 4
115 proc201 6 158 -9
115 proc202 6 151 5
115 proc203 9 164 -1
116 proc204 8 127 -4
116 proc205 8 126 9
116 proc206 6 133 -11
116 proc207 3 124 -4
116 proc208 1 155 -13
116 proc209 4 154 -17
117 proc210 8 151 -16
117 proc211 3 145 -16
117 proc212 8 125 0
118 proc213 6 161 3
118 proc214 9 160 5
119 proc215 4 143 15
120 proc216 7 153 -2
120 proc217 9 172 -6
121 proc218 8 160 -18
122 proc219 8 174 5
122 proc220 8 130 -5
122 proc221 8 132 6
122 proc222 1 152 -12
123 proc223 8 143 -13
123 proc224 4 148 -1
123 proc225 8 132 -11
124 proc226 5 154 7
125 proc227 9 171 10
125 proc228 4 147 10
126 proc229 6 169 10
126 proc230 5 152 12
126 proc231 9 177 7
127 proc232 8 174 15
128 proc233 9 143 1
129 proc234 3 176 10
130 proc235 7 149 -1
131 proc236 1 169 -16
132 proc237 8 161 4
133 proc238 1 134 18
133 proc239 2 140 -4
133 proc240 9 170 -14
134 proc241 7 148 2
135 proc242 5 187 -18
136 proc243 2 181 5
137 proc244 3 152 2
137 proc245 6 154 2
137 proc246 7 166 16
138 proc247 8 153 -17
139 proc248 6 150 3
140 proc249 2 183 -11
140 proc250 6 163 18
141 proc251 5 161 -15
141 proc252 7 193 -3
142 proc253 7 151 -11
143 proc254 2 189 -13
144 proc255 9 198 -1
144 proc256 3 151 0
145 proc257 1 158 -12
146 proc258 4 191 -20
146 proc259 7 190 1
146 proc260 6 183 -12
147 proc261 5 193 -15
148 proc262 8 199 -11
149 proc263 2 157 13
150 proc264 3 156 -5
150 proc265 9 205 -7
150 proc266 9 201 -15
151 proc267 1 175 -5
152 proc268 8 199 2
152 proc269 8 185 1
153 proc270 8 190 -4
154 proc271 3 205 13
154 proc272 2 168 -4
154 proc273 2 169 10
155 proc274 3 165 13
155 proc275 9 205 -19
155 proc276 6 179 -3
155 proc277 7 202 17
155 proc278 2 205 -4
156 proc279 9 190 14
157 proc280 3 181 14
157 proc281 7 200 2
157 proc282 5 169 -16
158 proc283 2 203 6
159 proc284 9 216 -1
160 proc285 7 199 13
161 proc286 6 211 -14
162 proc287 1 193 11
162 proc288 5 215 6
162 proc289 5 187 -8
163 proc290 5 190 -7
164 proc291 5 188 -8
164 proc292 2 172 -13
165 proc293 8 181 13
166 proc294 7 219 -16
167 proc295 6 207 13
167 proc296 7 181 7
167 proc297 5 181 5
168 proc298 7 182 -12
168 proc299 8 223 -10
169 proc300 3 188 -16
169 proc301 6 213 17
170 proc302 4 203 15
171 proc303 4 178 10
171 proc304 3 195 -10
172 proc305 1 199 -13
172 proc306 1 210 4
172 proc307 8 222 -18
172 proc308 7 208 15
173 proc309 3 193 -2
173 proc310 2 207 -20
174 proc311 6 200 14
175 proc312 2 219 17
175 proc313 5 219 6
176 proc314 5 185 -12
177 proc315 2 220 -18
177 proc316 9 191 -14
177 proc317 9 203 5
177 proc318 5 199 -8
177 proc319 8 192 9
178 proc320 3 204 -10
179 proc321 6 233 8
179 proc322 4 186 -14
179 proc323 8 212 -3
180 proc324 3 192 -7
181 proc325 4 191 -20
182 proc326 6 207 -20
183 proc327 5 236 14
183 proc328 5 190 -8
183 proc329 2 214 -4
184 proc330 3 233 -10
184 proc331 5 213 16
185 proc332 1 194 -19
186 proc333 9 237 7
186 proc334 3 194 1
186 proc335 5 237 16
187 proc336 9 219 -6
188 proc337 4 192 2
188 proc338 9 220 16
189 proc339 8 215 6
190 proc340 8 231 5
191 proc341 3 237 -4
191 proc342 9 239 16
191 proc343 2 199 -9
191 proc344 6 198 -12
192 proc345 6 201 -9
193 proc346 5 241 -11
194 proc347 9 245 -9
194 proc348 6 219 -14
194 proc349 5 222 8
194 proc350 2 226 8
194 proc351 7 209 -12
195 proc352 6 231 -6
195 proc353 3 223 -13
196 proc354 3 230 13
196 proc355 9 219 -19
197 proc356 5 216 11
198 proc357 2 204 -14
198 proc358 4 243 2
198 proc359 5 248 -11
198 proc360 7 250 5
198 proc361 6 239 -16
199 proc362 6 228 -1
199 proc363 6 209 18
200 proc364 8 210 -10
200 proc365 4 247 -4
201 proc366 6 228 -20
201 proc367 6 218 8
201 proc368 9 233 7
202 proc369 4 241 16
203 proc370 9 212 -19
203 proc371 3 224 15
204 proc372 3 209 -18
204 proc373 5 211 8
204 proc374 2 247 -19
204 proc375 4 228 18
204 proc376 6 255 -6
204 proc377 5 227 -6
205 proc378 5 219 -3
205 proc379 4 229 18
206 proc380 7 255 15
206 proc381 5 215 -12
206 proc382 7 238 1
207 proc383 7 214 -13
208 proc384 5 221 -20
208 proc385 3 248 3
208 proc386 9 235 -7
209 proc387 3 239 13
210 proc388 2 223 -7
211 proc389 5 253 17
212 proc390 5 266 -17
212 proc391 1 242 -2
213 proc392 2 224 -15
213 proc393 8 269 -19
214 proc394 3 253 -10
215 proc395 4 227 -13
215 proc396 8 226 18
216 proc397 3 256 18
217 proc398 8 240 0
217 proc399 1 245 -13
217 proc400 4 232 -8
218 proc401 7 237 -10
218 proc402 4 237 -6
219 proc403 8 230 -5
220 proc404 1 269 -7
221 proc405 5 256 -15
221 proc406 6 253 18
221 proc407 9 276 -6
221 proc408 1 247 -8
221 proc409 7 246 16
222 proc410 6 260 17
222 proc411 6 231 -3
222 proc412 5 262 5
223 proc413 1 229 -16
224 proc414 8 258 7
224 proc415 4 258 10
224 proc416 9 249 9
225 proc417 2 228 11
226 proc418 1 270 9
226 proc419 2 263 -11
226 proc420 2 247 -19
226 proc421 8 237 -18
227 proc422 5 237 -12
227 proc423 6 268 -3
228 proc424 3 274 -4
229 proc425 6 269 15
230 proc426 3 277 -6
230 proc427 1 259 -6
231 proc428 4 251 -4
231 proc429 5 276 -3
232 proc430 6 274 -8
233 proc431 1 282 7
234 proc432 8 272 18
235 proc433 4 270 -5
235 proc434 6 268 -15
235 proc435 2 281 9
236 proc436 1 283 16
237 proc437 9 263 11
238 proc438 6 290 -1
239 proc439 2 247 14
240 proc440 9 273 5
241 proc441 3 292 5
242 proc442 8 265 8
243 proc443 9 301 -12
243 proc444 5 269 -13
244 proc445 3 295 12
244 proc446 7 294 1
244 proc447 1 271 5
244 proc448 9 262 13
244 proc449 5 287 14
244 proc450 1 281 -10
245 proc451 5 261 8
246 proc452 5 300 -10
247 proc453 8 299 -9
248 proc454 2 291 6
249 proc455 3 272 -8
249 proc456 7 283 -4
249 proc457 2 278 2
250 proc458 9 305 5
251 proc459 3 284 -10
251 proc460 3 268 -16
251 proc461 1 289 14
252 proc462 5 271 -12
252 proc463 9 290 16
253 proc464 8 267 -6
253 proc465 8 290 -2
253 proc466 9 298 -18
254 proc467 7 306 -12
255 proc468 3 307 -18
256 proc469 8 270 18
257 proc470 4 278 -7
257 proc471 2 302 16
258 proc472 8 294 -2
258 proc473 8 297 -19
259 proc474 4 300 2
259 proc475 1 268 -5
260 proc476 6 285 -18
260 proc477 7 301 6
260 proc478 8 305 11
260 proc479 7 299 15
260 proc480 9 314 -15
261 proc481 8 317 -9
261 proc482 8 312 -11
262 proc483 8 297 -10
262 proc484 5 293 -12
262 proc485 7 298 16
262 proc486 8 306 12
263 proc487 4 299 -6
264 proc488 4 315 -19
264 proc489 3 294 12
264 proc490 5 310 -6
265 proc491 7 291 -5
266 proc492 7 321 -6
267 proc493 7 294 -8
267 proc494 8 276 6
268 proc495 4 301 -11
269 proc496 4 302 3
270 proc497 4 299 -7
270 proc498 3 289 14
271 proc499 6 319 16
