0 proc0 6 18 -9
1 proc1 7 57 1
2 proc2 3 49 11
2 proc3 1 49 -15
2 proc4 5 18 12
2 proc5 9 23 9
2 proc6 1 44 18
2 proc7 1 33 0
3 proc8 9 16 -6
4 proc9 7 14 -13
4 proc10 3 46 3
5 proc11 4 29 -16
5 proc12 8 48 -7
5 proc13 4 47 -9
5 proc14 8 45 11
5 proc15 5 32 2
6 proc16 3 48 17
7 proc17 2 19 -12
8 proc18 3 47 4
9 proc19 2 36 -11
9 proc20 2 57 10
9 proc21 6 62 -17
9 proc22 8 45 5
10 proc23 3 42 17
10 proc24 4 46 -9
10 proc25 6 37 6
11 proc26 3 43 11
12 proc27 5 55 17
13 proc28 8 33 9
13 proc29 3 36 0
13 proc30 6 53 -17
14 proc31 7 64 -11
15 proc32 2 24 9
16 proc33 9 35 -16
17 proc34 3 67 -15
18 proc35 2 39 -4
19 proc36 9 31 12
20 proc37 4 64 0
20 proc38 7 52 5
21 proc39 2 49 5
22 proc40 4 49 11
22 proc41 7 60 6
22 proc42 8 42 17
23 proc43 3 71 -13
24 proc44 4 65 4
25 proc45 3 29 -11
25 proc46 9 76 15
26 proc47 7 53 11
27 proc48 8 48 -3
28 proc49 5 60 -14
28 proc50 1 61 -12
29 proc51 8 74 -16
30 proc52 2 40 -1
31 proc53 7 48 17
31 proc54 1 45 -4
31 proc55 2 66 -17
31 proc56 7 41 8
32 proc57 3 56 -3
32 proc58 4 55 -9
32 proc59 5 80 8
33 proc60 3 54 2
33 proc61 7 52 8
34 proc62 6 81 -12
35 proc63 5 85 10
35 proc64 5 51 5
36 proc65 3 80 5
36 proc66 3 47 -15
36 proc67 9 83 -12
36 proc68 1 37 18
36 proc69 3 65 -6
36 proc70 2 75 -4
37 proc71 5 43 -13
38 proc72 7 82 16
38 proc73 5 71 0
38 proc74 2 53 -3
38 proc75 1 55 -20
39 proc76 8 69 14
40 proc77 5 68 -6
41 proc78 9 77 1
41 proc79 6 78 -7
41 proc80 2 44 -9
41 proc81 8 78 13
41 proc82 4 48 5
42 proc83 6 60 2
42 proc84 3 50 4
42 proc85 9 96 17
42 proc86 3 58 -13
42 proc87 2 63 -11
43 proc88 5 87 -12
44 proc89 2 56 7
44 proc90 8 89 -18
44 proc91 2 61 10
45 proc92 8 100 -7
46 proc93 2 66 -1
47 proc94 8 83 6
48 proc95 8 76 -11
49 proc96 9 76 -14
50 proc97 6 57 13
51 proc98 7 58 2
52 proc99 8 66 -12
53 proc100 7 101 0
53 proc101 8 91 -20
53 proc102 1 92 3
53 proc103 3 80 -20
54 proc104 9 67 10
54 proc105 2 99 0
55 proc106 8 65 11
55 proc107 7 70 0
55 proc108 3 96 -9
55 proc109 6 92 7
56 proc110 6 94 -16
56 proc111 8 80 18
56 proc112 7 71 -18
56 proc113 6 111 0
57 proc114 3 72 13
57 proc115 1 68 13
57 proc116 4 108 -3
58 proc117 6 107 6
59 proc118 7 103 -8
60 proc119 9 114 -17
60 proc120 2 81 -18
60 proc121 8 103 0
60 proc122 4 81 -19
60 proc123 6 85 -20
60 proc124 4 94 -2
60 proc125 9 116 -1
61 proc126 7 112 5
62 proc127 2 94 1
62 proc128 4 91 -1
62 proc129 3 78 18
63 proc130 6 101 -3
63 proc131 7 95 1
64 proc132 3 104 2
64 proc133 4 100 10
64 proc134 3 91 -15
64 proc135 7 101 -20
65 proc136 1 92 -16
66 proc137 5 92 15
67 proc138 3 76 9
67 proc139 5 94 17
67 proc140 5 84 7
67 proc141 9 82 11
67 proc142 5 104 13
67 proc143 7 91 -7
68 proc144 2 87 -20
68 proc145 9 88 17
69 proc146 1 112 6
70 proc147 3 115 8
70 proc148 7 91 12
70 proc149 2 116 -4
