0 proc0 9 34 -9
0 proc1 5 48 7
1 proc2 9 58 -19
1 proc3 5 22 -11
1 proc4 8 13 2
2 proc5 8 18 18
3 proc6 8 33 -20
3 proc7 7 56 11
4 proc8 4 22 6
5 proc9 6 51 -10
5 proc10 3 9 12
6 proc11 2 49 -4
6 proc12 9 24 13
7 proc13 9 29 -13
7 proc14 3 51 -7
8 proc15 5 32 0
9 proc16 8 43 5
10 proc17 3 50 18
11 proc18 3 22 3
12 proc19 9 36 -9
13 proc20 7 50 16
14 proc21 7 47 3
15 proc22 6 24 -2
16 proc23 1 45 -1
16 proc24 8 67 -6
17 proc25 9 68 -16
18 proc26 5 23 -13
18 proc27 2 38 17
19 proc28 1 48 3
19 proc29 5 51 -12
19 proc30 6 60 3
19 proc31 5 34 -18
19 proc32 2 38 -13
19 proc33 2 51 -3
19 proc34 2 64 13
19 proc35 2 41 18
19 proc36 6 64 2
19 proc37 6 56 -6
19 proc38 2 40 -19
19 proc39 7 47 1
20 proc40 5 33 -13
20 proc41 7 59 12
20 proc42 5 60 -19
21 proc43 7 50 16
22 proc44 4 34 -10
23 proc45 7 73 -7
23 proc46 6 67 -9
24 proc47 7 38 15
25 proc48 4 34 -18
25 proc49 9 55 -6
26 proc50 6 41 -8
26 proc51 9 45 8
27 proc52 4 64 10
28 proc53 8 50 10
28 proc54 8 60 0
29 proc55 3 56 -13
29 proc56 5 52 2
30 proc57 3 70 4
30 proc58 5 78 -13
30 proc59 3 72 -6
30 proc60 8 49 -10
31 proc61 1 47 -4
32 proc62 8 80 17
32 proc63 9 48 -20
32 proc64 7 64 1
33 proc65 5 46 -1
34 proc66 3 76 -12
35 proc67 9 70 -10
36 proc68 7 68 8
37 proc69 8 54 -11
38 proc70 7 80 -11
39 proc71 9 69 -9
39 proc72 2 83 -15
39 proc73 4 55 16
39 proc74 7 71 8
40 proc75 1 45 5
41 proc76 5 50 4
42 proc77 7 51 -9
42 proc78 3 46 17
42 proc79 3 52 8
42 proc80 7 96 -16
42 proc81 2 61 9
42 proc82 1 74 -13
42 proc83 2 86 1
43 proc84 1 88 1
44 proc85 5 88 17
44 proc86 1 62 9
45 proc87 2 73 -2
45 proc88 5 79 3
45 proc89 9 102 -5
46 proc90 1 48 -13
46 proc91 4 73 6
46 proc92 4 72 9
46 proc93 3 82 -9
47 proc94 8 79 -7
48 proc95 6 64 -7
49 proc96 9 105 -3
50 proc97 9 74 1
50 proc98 9 75 -19
50 proc99 4 86 3
50 proc100 4 63 15
51 proc101 6 87 -12
52 proc102 4 95 -1
52 proc103 1 98 -17
52 proc104 1 53 -1
53 proc105 7 75 -17
53 proc106 3 75 8
53 proc107 2 58 7
54 proc108 6 71 -10
55 proc109 4 102 -5
55 proc110 7 106 9
55 proc111 8 63 -14
56 proc112 1 76 9
56 proc113 6 109 -13
56 proc114 3 64 -12
56 proc115 2 84 -20
57 proc116 8 65 15
58 proc117 4 62 -1
59 proc118 2 62 6
60 proc119 4 66 14
60 proc120 4 108 8
61 proc121 6 102 12
62 proc122 5 87 -8
63 proc123 4 74 -9
63 proc124 7 88 -18
63 proc125 2 78 -17
63 proc126 8 72 -18
63 proc127 4 88 -15
63 proc128 6 74 8
63 proc129 6 83 -11
64 proc130 7 72 -4
65 proc131 2 85 -15
66 proc132 3 116 11
66 proc133 4 76 1
67 proc134 3 99 18
67 proc135 4 98 -7
68 proc136 2 101 -1
68 proc137 3 76 0
68 proc138 2 72 -19
68 proc139 3 108 -13
69 proc140 1 80 -13
70 proc141 2 74 18
70 proc142 7 110 -19
70 proc143 3 115 17
71 proc144 9 121 0
72 proc145 6 117 -17
72 proc146 5 96 -2
73 proc147 4 86 -12
74 proc148 8 88 -17
75 proc149 6 111 2
76 proc150 1 93 -5
76 proc151 7 122 18
76 proc152 3 80 -20
76 proc153 4 91 -3
77 proc154 4 91 -11
78 proc155 2 117 9
78 proc156 6 119 -12
79 proc157 9 91 1
80 proc158 9 119 -4
81 proc159 4 116 10
82 proc160 6 113 -1
82 proc161 8 113 11
82 proc162 8 107 16
82 proc163 9 136 1
83 proc164 6 118 18
83 proc165 3 93 9
84 proc166 2 123 -19
84 proc167 9 98 -10
84 proc168 8 92 -20
84 proc169 8 137 -17
84 proc170 2 133 3
85 proc171 4 99 -8
85 proc172 1 115 8
85 proc173 5 97 11
86 proc174 5 108 8
87 proc175 6 97 8
88 proc176 3 95 -12
89 proc177 5 113 4
89 proc178 9 101 -18
89 proc179 7 105 -10
90 proc180 3 106 -16
91 proc181 8 108 -10
92 proc182 4 144 -19
93 proc183 4 106 6
94 proc184 3 142 -15
95 proc185 4 137 9
95 proc186 1 113 12
96 proc187 7 133 -8
97 proc188 4 146 15
97 proc189 9 112 -1
98 proc190 5 126 -17
99 proc191 6 110 -13
99 proc192 2 123 7
99 proc193 8 154 5
99 proc194 3 144 8
100 proc195 5 138 -4
101 proc196 9 122 10
102 proc197 8 139 -1
103 proc198 3 120 12
104 proc199 6 130 -19
104 proc200 6 111 4
105 proc201 9 155 -17
106 proc202 8 144 -1
107 proc203 4 139 13
108 proc204 5 136 16
108 proc205 8 122 -7
109 proc206 4 144 -5
110 proc207 9 147 14
110 proc208 8 132 16
110 proc209 5 133 -16
110 proc210 7 134 2
111 proc211 4 154 -2
112 proc212 7 162 -15
113 proc213 3 153 -15
113 proc214 4 135 -19
113 proc215 7 161 -19
114 proc216 2 137 -2
115 proc217 7 145 -9
116 proc218 3 135 -5
116 proc219 1 132 -15
116 proc220 1 142 -3
117 proc221 1 131 -5
117 proc222 6 124 16
117 proc223 3 143 14
117 proc224 6 156 12
117 proc225 1 145 -16
117 proc226 1 150 2
118 proc227 9 143 -19
119 proc228 9 136 5
119 proc229 1 122 -4
119 proc230 9 173 4
119 proc231 3 122 14
119 proc232 2 143 15
120 proc233 8 154 18
120 proc234 9 157 -16
121 proc235 3 142 -7
121 proc236 1 160 13
122 proc237 8 167 -1
123 proc238 6 174 9
123 proc239 1 130 -10
124 proc240 4 145 2
125 proc241 2 139 -7
126 proc242 7 162 -15
127 proc243 5 162 16
127 proc244 2 151 13
128 proc245 6 173 13
129 proc246 7 152 8
129 proc247 4 146 -16
129 proc248 3 173 -15
130 proc249 7 155 -9
131 proc250 6 177 14
132 proc251 1 147 -1
133 proc252 6 149 18
134 proc253 5 154 -14
134 proc254 2 171 10
135 proc255 6 182 -6
136 proc256 8 144 2
137 proc257 1 173 -2
137 proc258 1 168 15
137 proc259 3 184 -10
137 proc260 4 180 16
137 proc261 2 156 3
138 proc262 5 162 2
139 proc263 2 148 -19
139 proc264 2 181 17
139 proc265 2 174 -13
140 proc266 2 157 1
140 proc267 6 184 14
141 proc268 3 168 -6
141 proc269 8 166 -10
141 proc270 9 170 3
142 proc271 7 186 -20
143 proc272 2 185 -12
144 proc273 1 164 -18
145 proc274 9 165 11
146 proc275 9 202 2
146 proc276 4 180 13
147 proc277 4 189 -13
147 proc278 3 166 6
148 proc279 9 194 -9
148 proc280 3 152 -8
149 proc281 4 156 -2
149 proc282 4 156 -3
150 proc283 6 166 -11
150 proc284 9 167 -8
150 proc285 6 164 0
150 proc286 3 166 -9
151 proc287 6 187 18
151 proc288 3 163 -14
151 proc289 1 191 -1
152 proc290 7 173 -3
152 proc291 2 194 18
153 proc292 3 169 -17
154 proc293 2 191 11
155 proc294 9 172 18
156 proc295 9 165 0
156 proc296 4 188 -3
157 proc297 2 203 4
158 proc298 7 166 7
159 proc299 5 188 15
159 proc300 4 174 7
160 proc301 4 212 -5
160 proc302 6 215 9
160 proc303 1 201 -10
160 proc304 6 172 15
161 proc305 8 213 12
161 proc306 9 170 -3
161 proc307 5 167 -17
162 proc308 4 189 -9
162 proc309 6 217 -15
163 proc310 3 180 4
164 proc311 6 174 12
165 proc312 6 171 -1
165 proc313 6 180 -10
166 proc314 8 202 8
167 proc315 5 185 -7
167 proc316 7 217 14
168 proc317 6 194 6
168 proc318 6 195 -20
169 proc319 7 182 -8
169 proc320 3 204 -10
170 proc321 6 214 9
171 proc322 8 208 -6
171 proc323 1 179 1
171 proc324 7 184 -16
172 proc325 3 206 -11
172 proc326 2 207 -17
172 proc327 2 199 9
173 proc328 9 214 -18
173 proc329 8 184 13
173 proc330 7 188 -13
173 proc331 1 208 0
173 proc332 5 223 -16
173 proc333 5 182 13
174 proc334 8 220 -14
175 proc335 2 215 -8
175 proc336 8 220 -5
175 proc337 4 217 -7
176 proc338 4 200 -14
176 proc339 9 193 -9
176 proc340 7 185 5
176 proc341 5 225 -1
176 proc342 8 212 13
176 proc343 1 189 -9
177 proc344 7 184 -17
178 proc345 5 198 -5
179 proc346 6 203 7
180 proc347 5 228 18
181 proc348 6 234 -14
181 proc349 9 220 -8
181 proc350 3 218 -18
181 proc351 2 231 0
182 proc352 5 236 13
182 proc353 9 196 -19
183 proc354 1 220 1
184 proc355 8 219 0
184 proc356 6 192 -5
184 proc357 6 227 -16
185 proc358 8 212 18
186 proc359 6 231 5
187 proc360 6 197 -20
188 proc361 5 234 11
188 proc362 4 195 17
188 proc363 6 222 -12
189 proc364 9 222 -14
189 proc365 9 221 -12
189 proc366 1 221 5
189 proc367 5 215 -19
190 proc368 1 235 -10
191 proc369 8 233 14
192 proc370 4 213 16
192 proc371 7 222 16
193 proc372 7 210 15
194 proc373 8 208 9
194 proc374 8 211 -2
194 proc375 3 226 -15
195 proc376 7 203 -1
195 proc377 5 222 3
196 proc378 6 217 16
197 proc379 4 233 -13
198 proc380 4 215 -1
199 proc381 7 216 17
199 proc382 7 211 -12
200 proc383 1 202 -9
201 proc384 1 210 -9
201 proc385 5 215 -11
202 proc386 3 221 -8
202 proc387 2 233 -17
202 proc388 4 225 -17
203 proc389 6 242 7
203 proc390 7 254 12
203 proc391 6 230 -7
203 proc392 9 229 -7
203 proc393 1 213 -10
204 proc394 9 213 3
205 proc395 3 242 -5
205 proc396 5 257 14
205 proc397 4 216 -4
206 proc398 8 263 4
206 proc399 1 248 9
207 proc400 5 259 -9
207 proc401 8 218 -5
207 proc402 8 230 -14
208 proc403 9 256 -6
208 proc404 5 259 -3
208 proc405 7 249 2
208 proc406 9 260 5
209 proc407 3 224 -17
209 proc408 7 238 -11
209 proc409 2 235 4
210 proc410 1 234 -19
210 proc411 7 248 5
210 proc412 1 253 8
210 proc413 9 227 -17
211 proc414 9 222 14
212 proc415 9 241 -18
212 proc416 2 232 12
213 proc417 4 223 15
213 proc418 8 250 -10
213 proc419 7 244 -4
213 proc420 1 223 15
213 proc421 4 233 -6
214 proc422 2 237 -1
215 proc423 4 267 -19
216 proc424 4 235 6
217 proc425 2 237 -18
217 proc426 5 242 0
217 proc427 2 258 -19
218 proc428 8 251 14
218 proc429 8 243 -7
218 proc430 3 228 -18
218 proc431 7 245 1
218 proc432 3 254 -13
218 proc433 4 252 14
219 proc434 7 233 -6
220 proc435 5 239 -17
220 proc436 2 251 -9
220 proc437 7 236 -11
221 proc438 2 226 -3
222 proc439 1 266 -7
222 proc440 5 261 17
222 proc441 9 260 0
223 proc442 9 279 4
223 proc443 3 264 -17
223 proc444 5 271 -4
223 proc445 1 265 4
223 proc446 3 251 18
223 proc447 1 267 5
223 proc448 6 230 -18
224 proc449 3 242 -15
224 proc450 5 266 15
224 proc451 9 262 2
225 proc452 1 251 -18
226 proc453 9 246 -17
226 proc454 7 276 -12
226 proc455 3 252 8
227 proc456 9 274 9
228 proc457 8 266 -1
229 proc458 4 261 -10
230 proc459 6 268 -20
230 proc460 8 284 -3
230 proc461 2 242 -17
230 proc462 8 271 5
231 proc463 9 256 -16
232 proc464 6 266 2
233 proc465 4 258 -16
233 proc466 6 265 18
234 proc467 8 253 -6
235 proc468 3 246 -9
235 proc469 8 281 -2
235 proc470 2 268 -7
235 proc471 7 279 5
236 proc472 7 253 10
236 proc473 5 280 -14
237 proc474 4 274 -2
238 proc475 5 286 3
238 proc476 5 283 -9
239 proc477 1 245 -14
239 proc478 9 273 17
239 proc479 9 296 -5
239 proc480 4 243 2
239 proc481 3 262 8
239 proc482 3 269 -13
239 proc483 9 279 -2
240 proc484 5 288 2
241 proc485 6 293 -8
241 proc486 5 282 -17
242 proc487 6 258 8
242 proc488 2 274 13
243 proc489 9 271 -15
243 proc490 8 299 -18
243 proc491 6 267 12
244 proc492 1 283 -15
245 proc493 4 257 -20
245 proc494 9 274 13
245 proc495 6 268 -11
245 proc496 3 265 -20
246 proc497 8 264 -15
247 proc498 8 268 -17
247 proc499 9 303 9
