1 proc0 2 161 -18
2 proc1 9 125 -2
2 proc2 9 103 0
3 proc3 1 142 11
4 proc4 4 40 0
5 proc5 5 197 -8
5 proc6 5 120 -19
6 proc7 1 101 -8
6 proc8 2 216 12
6 proc9 7 144 6
6 proc10 8 133 9
7 proc11 4 226 -8
8 proc12 8 127 6
9 proc13 1 193 7
10 proc14 5 225 13
11 proc15 7 51 -6
11 proc16 9 218 10
11 proc17 7 242 -2
12 proc18 1 96 -2
13 proc19 4 81 -2
14 proc20 6 185 -10
14 proc21 9 101 -20
15 proc22 6 211 10
16 proc23 8 153 10
16 proc24 1 157 3
16 proc25 8 92 14
16 proc26 1 61 11
17 proc27 2 187 16
17 proc28 1 180 3
18 proc29 6 165 18
19 proc30 6 204 -11
19 proc31 3 203 -8
20 proc32 7 136 -11
20 proc33 1 189 18
20 proc34 9 155 15
21 proc35 1 167 15
21 proc36 8 110 0
21 proc37 6 178 -17
21 proc38 6 88 13
22 proc39 4 168 -10
22 proc40 4 59 6
23 proc41 2 243 3
24 proc42 9 187 -16
24 proc43 5 193 -10
25 proc44 1 74 -16
25 proc45 3 74 -11
25 proc46 1 76 12
26 proc47 5 91 3
27 proc48 4 216 -6
28 proc49 7 81 3
29 proc50 2 148 8
29 proc51 2 206 7
29 proc52 2 211 5
30 proc53 7 173 2
31 proc54 9 177 9
31 proc55 8 257 -18
31 proc56 5 96 -6
31 proc57 8 149 10
31 proc58 2 193 16
31 proc59 8 177 -14
32 proc60 1 229 14
33 proc61 4 139 -12
33 proc62 6 222 -5
33 proc63 9 125 -11
33 proc64 6 110 -1
34 proc65 8 227 -15
35 proc66 2 82 -16
35 proc67 9 114 10
35 proc68 5 133 15
35 proc69 3 233 5
36 proc70 6 116 -1
37 proc71 3 196 10
37 proc72 3 255 5
38 proc73 3 231 2
39 proc74 2 150 16
40 proc75 7 134 8
40 proc76 1 127 -12
40 proc77 3 266 -9
40 proc78 2 186 16
40 proc79 9 243 10
40 proc80 8 237 14
41 proc81 7 129 -7
41 proc82 4 95 -9
42 proc83 5 119 1
42 proc84 5 227 17
42 proc85 3 164 -2
42 proc86 9 111 -6
42 proc87 4 136 -10
42 proc88 6 100 -14
42 proc89 7 195 -2
43 proc90 3 118 12
44 proc91 6 185 2
45 proc92 2 110 11
45 proc93 8 110 -3
45 proc94 1 144 -13
45 proc95 9 123 -18
46 proc96 2 123 16
46 proc97 1 154 16
47 proc98 3 245 -18
47 proc99 7 278 -16
47 proc100 5 180 -14
47 proc101 1 98 -15
48 proc102 9 246 6
48 proc103 1 174 0
48 proc104 9 239 8
48 proc105 3 82 16
49 proc106 3 112 7
50 proc107 8 180 -12
51 proc108 4 231 7
51 proc109 1 274 3
52 proc110 1 129 -3
53 proc111 5 227 17
54 proc112 4 158 -19
55 proc113 7 291 9
55 proc114 4 217 7
55 proc115 1 181 5
56 proc116 5 266 -4
57 proc117 7 184 7
57 proc118 6 187 0
58 proc119 2 231 15
58 proc120 2 96 8
58 proc121 2 215 17
59 proc122 2 153 -13
59 proc123 4 258 -14
59 proc124 7 125 -1
60 proc125 4 178 12
60 proc126 2 96 -4
61 proc127 7 159 16
61 proc128 2 186 -1
62 proc129 6 134 -18
62 proc130 4 213 16
63 proc131 6 251 4
63 proc132 2 170 -20
63 proc133 2 265 -4
64 proc134 6 112 -17
65 proc135 7 249 -9
66 proc136 2 243 -15
67 proc137 8 195 12
67 proc138 1 296 10
67 proc139 8 254 1
67 proc140 1 108 -17
68 proc141 6 265 -13
69 proc142 1 184 3
70 proc143 5 228 -2
70 proc144 7 125 -2
70 proc145 6 137 6
71 proc146 4 274 14
71 proc147 6 193 -19
71 proc148 3 163 14
71 proc149 5 271 -3
72 proc150 1 123 -12
73 proc151 6 153 -15
73 proc152 6 162 15
73 proc153 7 206 7
73 proc154 3 165 -2
73 proc155 5 179 9
74 proc156 2 230 14
74 proc157 9 271 -14
75 proc158 9 266 16
75 proc159 8 207 -8
76 proc160 1 160 -16
76 proc161 9 302 -15
76 proc162 5 272 -20
76 proc163 4 309 -3
76 proc164 3 221 5
76 proc165 8 138 7
76 proc166 6 254 -10
76 proc167 5 177 -18
77 proc168 8 248 2
78 proc169 1 144 18
79 proc170 5 120 -6
80 proc171 8 176 -18
81 proc172 8 287 -16
81 proc173 3 227 1
81 proc174 4 286 15
82 proc175 9 213 8
83 proc176 2 221 3
84 proc177 7 201 -5
84 proc178 3 206 -14
85 proc179 4 237 -11
86 proc180 2 298 11
86 proc181 1 274 6
86 proc182 2 225 -11
86 proc183 3 145 12
86 proc184 7 185 -3
86 proc185 6 124 -9
86 proc186 6 261 12
86 proc187 3 275 4
86 proc188 3 191 -6
86 proc189 2 259 -6
87 proc190 1 296 -19
88 proc191 1 128 -11
89 proc192 9 240 2
90 proc193 2 209 1
90 proc194 7 303 -11
91 proc195 5 238 -16
91 proc196 1 292 -20
92 proc197 2 259 -9
93 proc198 7 141 -15
93 proc199 7 327 13
94 proc200 4 258 13
94 proc201 6 139 -5
95 proc202 3 164 -17
96 proc203 2 202 -17
97 proc204 9 281 -5
98 proc205 6 272 7
99 proc206 3 268 8
99 proc207 6 168 -14
100 proc208 2 210 0
101 proc209 1 294 -4
101 proc210 1 251 -15
102 proc211 1 275 -7
102 proc212 6 335 9
102 proc213 5 157 5
103 proc214 5 231 0
103 proc215 8 171 -3
104 proc216 3 258 -9
104 proc217 9 254 -3
104 proc218 7 172 8
104 proc219 7 266 -3
105 proc220 5 157 -3
105 proc221 6 254 -10
105 proc222 7 157 13
105 proc223 6 231 15
105 proc224 2 141 12
106 proc225 9 238 -14
107 proc226 9 264 -6
107 proc227 9 187 -18
107 proc228 5 202 3
108 proc229 8 281 7
109 proc230 1 235 8
109 proc231 4 236 12
110 proc232 1 210 13
110 proc233 3 172 -6
110 proc234 7 234 -7
110 proc235 1 252 8
110 proc236 4 188 2
111 proc237 6 335 -18
112 proc238 9 347 -17
112 proc239 5 289 -19
112 proc240 3 214 5
113 proc241 6 169 -6
114 proc242 2 206 3
114 proc243 6 206 0
115 proc244 6 319 1
116 proc245 9 329 6
117 proc246 9 255 -17
117 proc247 7 191 -5
117 proc248 8 320 -5
118 proc249 9 306 -11
118 proc250 6 305 2
118 proc251 6 217 5
118 proc252 3 276 -7
118 proc253 6 267 18
119 proc254 6 306 1
119 proc255 7 300 -8
119 proc256 9 306 -6
119 proc257 2 215 -6
119 proc258 2 226 14
120 proc259 2 275 -11
121 proc260 8 344 11
122 proc261 4 157 10
123 proc262 4 167 13
124 proc263 4 247 -5
125 proc264 5 211 -16
126 proc265 3 166 14
127 proc266 4 353 7
127 proc267 3 213 -13
128 proc268 1 218 -3
129 proc269 7 357 0
130 proc270 3 193 -9
131 proc271 9 226 -14
132 proc272 5 262 3
132 proc273 1 312 0
133 proc274 7 245 -17
134 proc275 5 172 -18
135 proc276 4 316 -16
136 proc277 4 291 -9
137 proc278 4 278 -14
138 proc279 7 255 -17
138 proc280 7 359 3
138 proc281 3 233 16
139 proc282 3 296 -19
139 proc283 5 344 -1
140 proc284 1 229 -2
140 proc285 7 292 -7
141 proc286 3 272 -11
142 proc287 2 364 -10
142 proc288 6 189 -13
143 proc289 5 329 5
144 proc290 9 211 13
145 proc291 4 258 -5
146 proc292 9 254 -6
147 proc293 3 251 3
147 proc294 8 243 11
148 proc295 4 340 -12
148 proc296 8 231 -5
149 proc297 3 207 7
149 proc298 8 382 -19
150 proc299 2 364 10
151 proc300 6 285 -7
152 proc301 9 378 1
152 proc302 5 283 -2
152 proc303 8 193 4
153 proc304 8 205 16
154 proc305 7 375 0
154 proc306 9 201 -13
155 proc307 5 268 17
156 proc308 5 245 18
157 proc309 2 274 -15
158 proc310 7 227 -10
159 proc311 7 365 -15
159 proc312 8 338 2
160 proc313 1 309 -15
160 proc314 9 282 1
161 proc315 5 329 -6
162 proc316 4 351 14
163 proc317 3 321 5
163 proc318 2 364 13
164 proc319 2 328 14
164 proc320 4 276 -6
164 proc321 5 333 10
165 proc322 3 321 -11
166 proc323 2 364 18
167 proc324 6 362 9
167 proc325 3 204 -13
167 proc326 3 209 -20
167 proc327 3 233 -7
167 proc328 4 301 7
167 proc329 9 392 -13
167 proc330 2 334 -15
168 proc331 3 308 -20
169 proc332 5 397 -15
170 proc333 8 249 6
171 proc334 1 295 7
172 proc335 7 342 10
173 proc336 5 305 16
173 proc337 3 345 17
173 proc338 5 367 -9
173 proc339 4 284 14
174 proc340 4 217 11
174 proc341 9 299 2
174 proc342 6 348 -16
174 proc343 5 289 -17
175 proc344 4 310 -3
175 proc345 5 264 -15
175 proc346 6 284 14
176 proc347 1 370 4
177 proc348 7 273 14
178 proc349 2 354 -17
178 proc350 6 410 13
179 proc351 1 346 -12
180 proc352 3 358 -16
181 proc353 1 345 -4
182 proc354 8 223 17
183 proc355 3 237 -9
183 proc356 2 346 -13
184 proc357 7 332 15
185 proc358 5 264 -20
185 proc359 6 406 -11
185 proc360 6 292 -6
185 proc361 7 278 -14
186 proc362 7 421 -19
187 proc363 6 281 -14
188 proc364 9 376 13
188 proc365 5 408 -6
189 proc366 2 321 -13
190 proc367 1 284 3
190 proc368 6 367 -16
190 proc369 6 371 -13
190 proc370 6 410 -14
190 proc371 3 244 -3
190 proc372 2 415 12
191 proc373 5 312 6
192 proc374 9 257 17
193 proc375 6 342 17
193 proc376 7 271 14
193 proc377 8 315 4
193 proc378 2 287 -8
193 proc379 9 394 4
193 proc380 8 382 -16
194 proc381 3 233 13
195 proc382 8 309 -8
196 proc383 9 329 16
196 proc384 4 308 7
196 proc385 2 402 -8
196 proc386 8 292 -6
196 proc387 2 319 -19
196 proc388 6 307 18
197 proc389 5 295 0
198 proc390 9 346 9
199 proc391 1 275 -15
199 proc392 8 419 4
199 proc393 7 262 -4
200 proc394 9 256 -19
200 proc395 5 338 11
201 proc396 3 282 -1
201 proc397 4 432 9
202 proc398 2 306 6
203 proc399 9 356 -1
204 proc400 7 310 -8
205 proc401 7 301 -7
206 proc402 1 364 5
206 proc403 3 259 -6
206 proc404 3 423 -8
207 proc405 1 296 18
207 proc406 1 363 9
207 proc407 4 295 -4
208 proc408 1 423 17
208 proc409 1 241 -5
208 proc410 9 335 12
209 proc411 9 260 -10
209 proc412 8 403 -19
209 proc413 7 405 -15
210 proc414 4 317 -3
211 proc415 5 440 -7
211 proc416 1 257 12
212 proc417 2 421 -20
213 proc418 6 313 4
213 proc419 1 391 -13
214 proc420 3 430 -12
214 proc421 7 377 0
215 proc422 1 262 6
215 proc423 1 272 -7
215 proc424 4 357 -16
216 proc425 8 365 -14
217 proc426 1 282 -17
217 proc427 2 399 -10
217 proc428 3 435 11
217 proc429 4 380 11
218 proc430 4 371 -11
219 proc431 5 284 3
219 proc432 4 262 6
219 proc433 1 271 -1
219 proc434 2 271 0
219 proc435 8 339 5
219 proc436 9 301 17
220 proc437 6 356 9
220 proc438 7 352 -9
220 proc439 3 278 9
220 proc440 5 268 10
220 proc441 5 286 -10
221 proc442 3 414 -11
221 proc443 9 273 5
221 proc444 4 329 17
222 proc445 1 448 -6
222 proc446 2 434 2
222 proc447 9 435 15
223 proc448 3 336 5
224 proc449 5 272 -17
224 proc450 2 403 -8
225 proc451 4 337 -1
226 proc452 6 388 13
226 proc453 2 411 11
226 proc454 9 410 12
227 proc455 8 381 -19
227 proc456 6 307 16
228 proc457 2 409 5
228 proc458 4 284 -6
229 proc459 8 398 17
230 proc460 3 343 -20
231 proc461 2 431 -20
231 proc462 4 388 8
232 proc463 3 317 -9
233 proc464 2 396 -10
233 proc465 1 444 -14
234 proc466 8 366 7
234 proc467 3 391 -6
234 proc468 4 269 14
235 proc469 4 332 -8
236 proc470 6 293 8
236 proc471 5 438 17
237 proc472 4 443 -2
238 proc473 5 293 -5
238 proc474 9 435 4
238 proc475 4 444 7
238 proc476 1 421 15
239 proc477 6 361 6
240 proc478 1 421 0
240 proc479 4 435 1
240 proc480 3 354 9
241 proc481 1 391 -11
241 proc482 1 327 1
242 proc483 8 477 -16
242 proc484 4 308 -18
242 proc485 3 303 -15
242 proc486 9 298 10
242 proc487 2 439 -16
243 proc488 2 399 -18
243 proc489 2 374 -10
244 proc490 8 370 -2
244 proc491 4 420 -1
244 proc492 7 467 -16
244 proc493 4 362 10
244 proc494 6 415 4
245 proc495 1 342 18
246 proc496 6 284 9
246 proc497 9 312 -16
247 proc498 3 381 -13
248 proc499 7 411 5
