0 proc0 3 164 16
0 proc1 3 137 16
1 proc2 9 78 -7
1 proc3 8 63 -2
2 proc4 6 125 2
3 proc5 2 221 -1
3 proc6 7 211 10
3 proc7 4 64 -15
4 proc8 8 43 16
5 proc9 4 184 -15
5 proc10 6 55 -12
6 proc11 2 210 15
7 proc12 8 69 -6
7 proc13 2 89 -14
8 proc14 7 228 11
9 proc15 9 219 -13
10 proc16 2 63 4
11 proc17 3 141 6
11 proc18 4 127 16
12 proc19 4 64 -3
12 proc20 5 210 -2
13 proc21 8 82 7
14 proc22 6 138 2
15 proc23 1 205 -19
16 proc24 8 168 12
17 proc25 4 166 -2
18 proc26 6 93 1
19 proc27 9 227 -3
20 proc28 6 158 -15
20 proc29 1 191 5
21 proc30 6 72 7
21 proc31 6 233 16
22 proc32 6 203 1
23 proc33 7 76 12
24 proc34 3 68 -18
24 proc35 2 95 -9
25 proc36 2 142 -5
25 proc37 6 62 3
26 proc38 5 64 -1
27 proc39 5 237 4
28 proc40 9 84 -10
28 proc41 6 171 12
29 proc42 3 79 3
30 proc43 5 143 9
30 proc44 5 201 6
30 proc45 6 72 -11
30 proc46 9 164 -11
30 proc47 8 79 -1
30 proc48 9 161 -17
31 proc49 9 253 -5
31 proc50 6 85 -7
31 proc51 6 113 -16
32 proc52 3 256 -16
32 proc53 8 223 -13
33 proc54 2 148 -13
34 proc55 4 137 -14
35 proc56 6 76 11
35 proc57 7 123 -16
35 proc58 7 185 11
35 proc59 2 182 5
35 proc60 1 155 17
35 proc61 4 165 2
35 proc62 1 84 -7
36 proc63 5 160 -9
36 proc64 1 162 18
37 proc65 8 131 12
37 proc66 2 258 -20
37 proc67 6 144 1
38 proc68 6 118 4
38 proc69 3 161 5
39 proc70 2 190 14
39 proc71 3 126 -8
40 proc72 9 100 13
40 proc73 8 113 -12
40 proc74 2 174 -5
40 proc75 2 133 5
40 proc76 9 101 -15
40 proc77 3 214 -15
41 proc78 2 96 -6
42 proc79 9 158 15
42 proc80 7 214 -5
42 proc81 3 165 7
42 proc82 6 92 18
42 proc83 1 255 -10
43 proc84 6 227 -15
44 proc85 9 141 14
44 proc86 6 99 4
44 proc87 4 94 12
44 proc88 7 140 1
44 proc89 9 190 8
44 proc90 4 237 -13
45 proc91 9 156 -5
46 proc92 4 254 8
46 proc93 2 145 18
47 proc94 2 231 9
48 proc95 1 239 -10
48 proc96 7 149 9
48 proc97 5 161 -14
49 proc98 6 167 -7
49 proc99 6 121 4
50 proc100 4 91 5
51 proc101 7 250 -5
52 proc102 5 171 15
53 proc103 7 174 6
54 proc104 5 102 -11
55 proc105 4 95 4
55 proc106 5 208 -2
56 proc107 6 97 -8
56 proc108 1 103 8
57 proc109 7 116 17
58 proc110 5 141 11
59 proc111 9 246 8
59 proc112 4 204 13
59 proc113 1 118 -2
59 proc114 2 105 11
59 proc115 1 118 1
60 proc116 5 276 18
61 proc117 3 116 12
62 proc118 3 260 0
63 proc119 2 188 -13
63 proc120 7 152 -5
63 proc121 6 285 11
64 proc122 1 281 11
65 proc123 3 199 11
66 proc124 8 185 11
67 proc125 5 125 -16
67 proc126 8 133 -11
67 proc127 4 283 -11
67 proc128 2 127 -18
67 proc129 9 291 15
67 proc130 2 178 4
67 proc131 7 156 -8
67 proc132 8 209 18
67 proc133 4 170 -6
67 proc134 3 105 -10
68 proc135 6 165 -5
69 proc136 4 209 -16
69 proc137 5 293 -19
70 proc138 4 272 -9
70 proc139 7 274 -2
71 proc140 3 233 3
72 proc141 5 267 11
73 proc142 8 157 1
73 proc143 7 187 8
73 proc144 8 180 -6
74 proc145 9 196 0
75 proc146 9 269 11
76 proc147 3 112 7
77 proc148 8 288 4
77 proc149 5 286 -2
